171
EU071984.1                               0.0000000 0.0183131 0.0064901 0.0081378 0.0064805 0.0165664 0.0165664 0.0133047 0.0360171 2.7465860 1.5420280 1.5103089 1.5422795 1.5103089 1.4962298 1.5655128 1.4979396 1.4971902 1.5465446 1.6601235 1.5680376 1.5042577 1.5103878 1.5183579 1.5229728 1.5229728 1.5429241 1.6866608 1.5330957 1.6472072 1.7007852 1.6768102 1.6600342 1.7038306 1.9986105 1.7345207 1.2934281 1.3647938 1.3651977 1.3719820 1.3266848 1.4673262 1.3687945 2.0502304 1.3865605 1.3996916 1.5875761 1.6632808 1.5173734 1.4036388 1.4982447 1.3956675 1.3109855 1.3338974 1.4136327 1.4136327 1.3863106 1.4210174 1.3989361 1.4972829 1.5496448 1.4171522 1.4171522 1.4449516 1.4325765 1.4223369 1.4223369 1.4750344 1.4198814 1.4198814 1.4198814 1.4198814 1.4198814 1.4198814 1.4047490 1.2492588 1.2500944 1.2500944 1.3959342 1.3281157 1.3281157 1.4390059 1.5383904 1.5023474 1.2891840 1.4159716 1.3754552 1.3622776 1.4738633 1.4738633 1.3656135 1.3718211 1.3962849 1.3823264 1.3782790 1.3964564 1.4047936 1.2887822 1.2689865 1.2729112 1.3375104 1.3370565 1.3297536 1.3823264 1.3823264 1.3353809 1.1909706 1.3606743 1.2938289 1.3875276 1.3385029 1.3385029 1.2281084 1.2948043 1.3139375 1.3139375 1.3010803 1.3010803 1.3921375 1.3673383 1.3754029 1.3821270 1.3447045 1.3462625 1.3448048 1.2946203 1.3692942 1.3692942 1.3723886 1.4270636 1.2890166 1.3832854 1.3832854 1.3832854 1.3670824 1.4939995 1.3525814 1.3565840 1.3626937 1.3654976 1.3680560 1.3290184 1.3141043 1.2945258 1.3958041 1.3958041 1.3252767 1.4088076 1.4031286 1.3896425 1.4003207 1.4427760 1.3171857 1.3388416 1.2843934 1.3162295 1.3183619 1.2925107 1.3011521 1.4009145 1.4079047 2.2908137 1.3648917 1.3663469 1.3775162 1.3718427 1.3477875 1.3664352 1.3896005 1.4574804 1.4897212 
DQ060885.1                               0.0183131 0.0000000 0.0115091 0.0098151 0.0115091 0.0252968 0.0252968 0.0236117 0.0454219 2.8034073 1.5131617 1.4830667 1.5146961 1.4830667 1.4695133 1.5364281 1.4955069 1.4703448 1.5181560 1.6291285 1.5649951 1.4772963 1.4828028 1.4873229 1.4951315 1.4951315 1.5736586 1.6568768 1.5050626 1.6173804 1.6700843 1.6472079 1.6308321 1.6907829 1.9529089 1.7216460 1.3039553 1.3911109 1.3929237 1.4082826 1.3614485 1.5057156 1.3958082 2.0231065 1.4922322 1.5074033 1.5515721 1.6334881 1.5549159 1.4552162 1.5299209 1.3861637 1.3492561 1.3686072 1.4534182 1.4534182 1.4252501 1.4610953 1.4364563 1.5304348 1.6908813 1.4570726 1.4570726 1.4856763 1.4729226 1.4624279 1.4624279 1.5138941 1.4598243 1.4598243 1.4598243 1.4598243 1.4598243 1.4598243 1.4442174 1.2231798 1.2418163 1.2418163 1.4333538 1.3625520 1.3625520 1.4707800 1.5875110 1.5494414 1.3360814 1.4557398 1.4103508 1.3969686 1.5794434 1.5794434 1.4002599 1.4102885 1.4317453 1.4210744 1.4132709 1.4357764 1.4442670 1.3267007 1.3049219 1.2948216 1.3732135 1.3724401 1.3694557 1.4210744 1.4210744 1.3765916 1.2154750 1.4243542 1.3529003 1.3760965 1.3168022 1.3168022 1.2792222 1.3187617 1.2992560 1.2992560 1.3010803 1.3010803 1.4313609 1.4057259 1.4025361 1.4092160 1.3799227 1.3576942 1.3711482 1.3187528 1.3935486 1.3935486 1.3992090 1.4536603 1.3014417 1.4078230 1.4078230 1.3811140 1.3926862 1.5202134 1.3775656 1.3812535 1.3873306 1.3913265 1.3948382 1.3797933 1.3379024 1.3200946 1.4231963 1.4231963 1.3227772 1.4365869 1.4402086 1.4169356 1.4252024 1.4835999 1.3410638 1.3645638 1.3185112 1.3404896 1.3513344 1.3162562 1.3147416 1.4379133 1.4451771 2.7428488 1.3648917 1.3763422 1.3879982 1.3718427 1.3872056 1.4017047 1.4183968 1.4867134 1.4629784 
DQ060889.1                               0.0064901 0.0115091 0.0000000 0.0016077 0.0000010 0.0131441 0.0131441 0.0098962 0.0323155 2.7986599 1.5187262 1.4882916 1.5200169 1.4882916 1.4746245 1.5420590 1.5186727 1.4754813 1.5236344 1.6352298 1.5934362 1.4824614 1.4880920 1.4959903 1.5004818 1.5004818 1.5736586 1.6627751 1.5104604 1.6232430 1.6761783 1.6530598 1.6365877 1.6973037 1.9892786 1.7281160 1.3115967 1.3990536 1.4013063 1.4021040 1.3554264 1.4994230 1.4039855 2.0414156 1.4592808 1.4738225 1.5875761 1.6567165 1.5488879 1.4552162 1.5402201 1.3956675 1.3393021 1.3626099 1.4467528 1.4467528 1.4186566 1.4544011 1.4301359 1.5369092 1.6464961 1.4503942 1.4503942 1.4789382 1.4662145 1.4557348 1.4557348 1.5075432 1.4531498 1.4531498 1.4531498 1.4531498 1.4531498 1.4531498 1.4375828 1.2492588 1.2500944 1.2500944 1.4270426 1.3565892 1.3565892 1.4808116 1.5796941 1.5418323 1.3360814 1.4490847 1.4044175 1.3910403 1.5465691 1.5465691 1.3943470 1.4037382 1.4257658 1.4145030 1.4073280 1.4291453 1.4376319 1.3200351 1.2985578 1.3010758 1.3670544 1.3663347 1.3625842 1.4145030 1.4145030 1.3694745 1.2154750 1.4047404 1.3221953 1.3875276 1.3385029 1.3385029 1.2527778 1.3256493 1.3139375 1.3139375 1.3010803 1.3010803 1.4247337 1.3991783 1.4107807 1.4174770 1.3738635 1.3663228 1.3790165 1.3231435 1.3980749 1.3980749 1.4042311 1.4587235 1.3191452 1.4124237 1.4124237 1.3855790 1.3974661 1.5252976 1.3822057 1.3858401 1.3919204 1.3961473 1.3998455 1.3587552 1.3422609 1.3247531 1.4283658 1.4283658 1.3428296 1.4418504 1.4339717 1.4220753 1.4298935 1.4768396 1.3454415 1.3693219 1.3125046 1.3449372 1.3514516 1.3205717 1.3341798 1.4316862 1.4389213 2.5175937 1.3648917 1.3839757 1.3960715 1.3718427 1.3802028 1.3956871 1.4272277 1.4960012 1.4897212 
DQ060884.1                               0.0081378 0.0098151 0.0016077 0.0000000 0.0016077 0.0148352 0.0148352 0.0098801 0.0341281 2.7697277 1.4982893 1.4689928 1.5004742 1.4689928 1.4556998 1.5214598 1.4955069 1.4564660 1.5035279 1.6132553 1.5649951 1.4633647 1.4685584 1.4763845 1.4807660 1.4807660 1.5736586 1.6416124 1.4906023 1.6020780 1.6543612 1.6320310 1.6158499 1.6740367 1.9529089 1.7051395 1.3039553 1.3911109 1.3929237 1.3951199 1.3488920 1.4916861 1.3958082 2.0231065 1.4592808 1.4738225 1.5515721 1.6334881 1.5411525 1.4552162 1.5299209 1.3861637 1.3329082 1.3560614 1.4389258 1.4389258 1.4110996 1.4464880 1.4228166 1.5132338 1.6464961 1.4425271 1.4425271 1.4708034 1.4582037 1.4478140 1.4478140 1.4996811 1.4452683 1.4452683 1.4452683 1.4452683 1.4452683 1.4452683 1.4298529 1.2231798 1.2418163 1.2418163 1.4197537 1.3501125 1.3501125 1.4707800 1.5694154 1.5321437 1.3360814 1.4412532 1.3976965 1.3844027 1.5465691 1.5465691 1.3877073 1.3963274 1.4188650 1.4069984 1.4005788 1.4214758 1.4299009 1.3130311 1.2919958 1.2948216 1.3603033 1.3596465 1.3550880 1.4069984 1.4069984 1.3616650 1.2154750 1.4047404 1.3158373 1.3760965 1.3168022 1.3168022 1.2792222 1.3187204 1.2992560 1.2992560 1.3010803 1.3010803 1.4170985 1.3917996 1.4025361 1.4092160 1.3671816 1.3576942 1.3711482 1.3063813 1.3810632 1.3810632 1.3853916 1.4399225 1.3014417 1.3951818 1.3951818 1.3687548 1.3795041 1.5066360 1.3647138 1.3685614 1.3746511 1.3780285 1.3810443 1.3412279 1.3256896 1.3069820 1.4090658 1.4090658 1.3227772 1.4222483 1.4267249 1.4028616 1.4123724 1.4686928 1.3288079 1.3513405 1.3062310 1.3280376 1.3319491 1.3040857 1.3147416 1.4244643 1.4316205 2.5175937 1.3648917 1.3763422 1.3879982 1.3718427 1.3727493 1.3889228 1.4183968 1.4867134 1.4629784 
EU071980.1                               0.0064805 0.0115091 0.0000010 0.0016077 0.0000000 0.0131441 0.0131441 0.0098962 0.0323155 2.7986599 1.5187262 1.4882916 1.5200169 1.4882916 1.4746245 1.5420590 1.5186727 1.4754813 1.5236344 1.6352298 1.5934362 1.4824614 1.4880920 1.4959903 1.5004818 1.5004818 1.5736586 1.6627751 1.5104604 1.6232430 1.6761783 1.6530598 1.6365877 1.6973037 1.9892786 1.7281160 1.3115967 1.3990536 1.4013063 1.4021040 1.3554264 1.4994230 1.4039855 2.0414156 1.4592808 1.4738225 1.5875761 1.6567165 1.5488879 1.4552162 1.5402201 1.3956675 1.3393021 1.3626099 1.4467528 1.4467528 1.4186566 1.4544011 1.4301359 1.5369092 1.6464961 1.4503942 1.4503942 1.4789382 1.4662145 1.4557348 1.4557348 1.5075432 1.4531498 1.4531498 1.4531498 1.4531498 1.4531498 1.4531498 1.4375828 1.2492588 1.2500944 1.2500944 1.4270426 1.3565892 1.3565892 1.4808116 1.5796941 1.5418323 1.3360814 1.4490847 1.4044175 1.3910403 1.5465691 1.5465691 1.3943470 1.4037382 1.4257658 1.4145030 1.4073280 1.4291453 1.4376319 1.3200351 1.2985578 1.3010758 1.3670544 1.3663347 1.3625842 1.4145030 1.4145030 1.3694745 1.2154750 1.4047404 1.3221953 1.3875276 1.3385029 1.3385029 1.2527778 1.3256493 1.3139375 1.3139375 1.3010803 1.3010803 1.4247337 1.3991783 1.4107807 1.4174770 1.3738635 1.3663228 1.3790165 1.3231435 1.3980749 1.3980749 1.4042311 1.4587235 1.3191452 1.4124237 1.4124237 1.3855790 1.3974661 1.5252976 1.3822057 1.3858401 1.3919204 1.3961473 1.3998455 1.3587552 1.3422609 1.3247531 1.4283658 1.4283658 1.3428296 1.4418504 1.4339717 1.4220753 1.4298935 1.4768396 1.3454415 1.3693219 1.3125046 1.3449372 1.3514516 1.3205717 1.3341798 1.4316862 1.4389213 2.5175937 1.3648917 1.3839757 1.3960715 1.3718427 1.3802028 1.3956871 1.4272277 1.4960012 1.4897212 
NG_056956.1                              0.0165664 0.0252968 0.0131441 0.0148352 0.0131441 0.0000000 0.0000010 0.0116516 0.0361643 2.8478646 1.5616833 1.5287648 1.5610421 1.5287648 1.5143018 1.5853763 1.5660302 1.5153525 1.5658764 1.6816397 1.6235904 1.5225139 1.5290867 1.5371392 1.5418744 1.5418744 1.6210340 1.7073933 1.5521447 1.6678302 1.7222238 1.6973770 1.6802572 1.7517577 2.1061437 1.7806830 1.3476408 1.4353928 1.4396814 1.4529919 1.4037837 1.5541032 1.4413673 2.1164902 1.5900084 1.6071579 1.5875761 1.7303613 1.6026521 1.5111703 1.5856334 1.4211056 1.3868997 1.4109625 1.5031546 1.5031546 1.4735836 1.5112820 1.4830313 1.6053386 1.7778404 1.5070175 1.5070175 1.5369857 1.5235878 1.5126510 1.5126510 1.5630081 1.5098179 1.5098179 1.5098179 1.5098179 1.5098179 1.5098179 1.4934265 1.2492588 1.2917987 1.2917987 1.4797732 1.4044964 1.4044964 1.5258150 1.6512757 1.6099658 1.3862969 1.5054526 1.4533164 1.4395428 1.6775500 1.6775500 1.4428042 1.4578540 1.4756124 1.4691191 1.4563824 1.4847008 1.4934790 1.3727253 1.3482328 1.3482931 1.4168463 1.4156664 1.4181995 1.4691191 1.4691191 1.4273489 1.2643751 1.4807213 1.3698267 1.4426821 1.3385029 1.3385029 1.3021079 1.3776437 1.3139375 1.3139375 1.3578460 1.3578460 1.4801411 1.4531348 1.4710567 1.4777411 1.4230122 1.4063466 1.4371386 1.3710545 1.4466420 1.4466420 1.4582356 1.5125489 1.3507849 1.4616596 1.4616596 1.4336034 1.4488364 1.5786529 1.4322083 1.4352139 1.4412655 1.4479951 1.4537266 1.4088848 1.3895888 1.3756661 1.4837178 1.4837178 1.3787887 1.4980460 1.4862685 1.4771564 1.4799320 1.5350160 1.3929409 1.4207775 1.3596594 1.3932154 1.4074798 1.3676678 1.3690043 1.4838128 1.4914990 2.8483988 1.3648917 1.4190343 1.4330470 1.3718427 1.4350906 1.4450632 1.4673668 1.5373564 1.4897212 
EU071995.1                               0.0165664 0.0252968 0.0131441 0.0148352 0.0131441 0.0000010 0.0000000 0.0116516 0.0361643 2.8478646 1.5616833 1.5287648 1.5610421 1.5287648 1.5143018 1.5853763 1.5660302 1.5153525 1.5658764 1.6816397 1.6235904 1.5225139 1.5290867 1.5371392 1.5418744 1.5418744 1.6210340 1.7073933 1.5521447 1.6678302 1.7222238 1.6973770 1.6802572 1.7517577 2.1061437 1.7806830 1.3476408 1.4353928 1.4396814 1.4529919 1.4037837 1.5541032 1.4413673 2.1164902 1.5900084 1.6071579 1.5875761 1.7303613 1.6026521 1.5111703 1.5856334 1.4211056 1.3868997 1.4109625 1.5031546 1.5031546 1.4735836 1.5112820 1.4830313 1.6053386 1.7778404 1.5070175 1.5070175 1.5369857 1.5235878 1.5126510 1.5126510 1.5630081 1.5098179 1.5098179 1.5098179 1.5098179 1.5098179 1.5098179 1.4934265 1.2492588 1.2917987 1.2917987 1.4797732 1.4044964 1.4044964 1.5258150 1.6512757 1.6099658 1.3862969 1.5054526 1.4533164 1.4395428 1.6775500 1.6775500 1.4428042 1.4578540 1.4756124 1.4691191 1.4563824 1.4847008 1.4934790 1.3727253 1.3482328 1.3482931 1.4168463 1.4156664 1.4181995 1.4691191 1.4691191 1.4273489 1.2643751 1.4807213 1.3698267 1.4426821 1.3385029 1.3385029 1.3021079 1.3776437 1.3139375 1.3139375 1.3578460 1.3578460 1.4801411 1.4531348 1.4710567 1.4777411 1.4230122 1.4063466 1.4371386 1.3710545 1.4466420 1.4466420 1.4582356 1.5125489 1.3507849 1.4616596 1.4616596 1.4336034 1.4488364 1.5786529 1.4322083 1.4352139 1.4412655 1.4479951 1.4537266 1.4088848 1.3895888 1.3756661 1.4837178 1.4837178 1.3787887 1.4980460 1.4862685 1.4771564 1.4799320 1.5350160 1.3929409 1.4207775 1.3596594 1.3932154 1.4074798 1.3676678 1.3690043 1.4838128 1.4914990 2.8483988 1.3648917 1.4190343 1.4330470 1.3718427 1.4350906 1.4450632 1.4673668 1.5373564 1.4897212 
AF097367.1                               0.0133047 0.0236117 0.0098962 0.0098801 0.0098962 0.0116516 0.0116516 0.0000000 0.0342632 2.8176533 1.4886275 1.4679180 1.4912245 1.4757489 1.4468285 1.5179605 1.5010208 1.4554107 1.4999689 2.0597662 1.5873126 1.4543984 1.4753952 1.4832579 1.4770946 1.4770946 1.5537856 3.6203796 1.4975847 1.5882013 1.6517303 3.6119327 3.5780995 1.6855162 1.9791804 1.7242809 1.3339707 1.4216335 1.4237259 1.4118110 1.3727214 1.5510519 1.4258300 2.0664189 1.5284031 1.5189918 1.5864716 1.6592122 1.5999675 1.4857489 1.5668175 1.4244837 1.3535610 1.3769623 1.4577911 1.4577911 1.4292270 1.4655842 1.4506231 1.5493973 1.6677596 1.4615002 1.4615002 1.5003119 1.4885729 1.4778699 1.4778699 1.9997431 1.4738956 1.4738956 1.4738956 1.4738956 1.4738956 1.4738956 1.4579524 1.2542657 1.2765246 1.2765246 1.4462433 1.3697304 1.3697304 1.5071292 1.6065677 1.5672262 1.3633176 1.4697030 1.4175836 1.4052847 1.5918464 1.5918464 1.4074478 1.4233152 1.4390775 1.4343127 1.4205212 1.4506410 1.4580037 1.3399234 1.3160249 1.3125527 1.3849142 1.3840267 1.3824738 1.4343127 1.4343127 1.3902007 1.2437333 1.4302785 1.3482037 1.4224499 1.3424395 1.3424395 1.2925011 1.3610348 1.3166238 1.3166238 1.3348369 1.3348369 1.4307910 1.4186763 1.4455003 1.4390566 1.3961496 1.3911671 1.3994630 1.3294911 1.4007082 1.4007082 1.4119979 3.3820518 1.3263904 1.4150522 1.4150522 1.3882185 1.4048143 2.1182888 1.3922907 1.3957961 1.3989429 1.4035522 1.4075631 1.3656523 1.3518620 1.3315032 1.4365082 1.4365082 1.3511358 1.4502226 3.2982972 1.4301327 1.4325155 1.4982497 1.3369391 1.3764774 1.3291659 1.3547258 1.3590866 1.3432695 1.3421976 1.4622097 1.4593278 2.5493072 1.3648917 1.4007455 1.4190463 1.3718427 1.3999371 1.4101564 1.4521537 1.5202166 1.4941295 
AF024453.1                               0.0360171 0.0454219 0.0323155 0.0341281 0.0323155 0.0361643 0.0361643 0.0342632 0.0000000 2.6640104 1.4836398 1.4759281 1.5292699 1.4837585 1.4528262 1.5260805 1.5144866 1.4634193 1.5080579 1.6308632 1.5688591 1.4639167 1.4835050 1.4913242 1.4852364 1.4852364 1.5204505 1.6299586 1.4901979 1.5885660 1.6423532 1.6046832 1.5888716 1.6300179 1.8101501 1.6426380 1.2523766 1.3393315 1.3384011 1.3524648 1.3081424 1.4575061 1.3426466 1.8670955 1.4120329 1.4256048 1.5951831 1.5720124 1.4838333 1.3983057 1.5098086 1.3470775 1.2921868 1.3159203 1.4187713 1.4187713 1.3914180 1.4261735 1.3928016 1.5266210 1.5825576 1.4222986 1.4222986 1.4501262 1.4377359 1.4274910 1.4274910 1.4799075 1.4250237 1.4250237 1.4250237 1.4250237 1.4250237 1.4250237 1.4098724 1.2260841 1.2227706 1.2227706 1.3799415 1.3061419 1.3061419 1.4506519 1.5689102 1.5315766 1.2846782 1.4060211 1.3463588 1.3335531 1.4990153 1.4990153 1.3368689 1.3623790 1.3598118 1.3727711 1.3490577 1.3866997 1.3949635 1.2798535 1.2606059 1.2386849 1.3184376 1.3181538 1.3543514 1.3727711 1.3727711 1.3609080 1.1653061 1.3763228 1.2587184 1.3291131 1.2755376 1.2755376 1.2022020 1.2859653 1.2708065 1.2708065 1.2939981 1.2939981 1.3824258 1.3446099 1.3649465 1.3716527 1.3293610 1.3008797 1.3348103 1.2762964 1.3404600 1.3404600 1.3629674 1.4175041 1.2562529 1.3539127 1.3539127 1.3287013 1.3359215 1.4616671 1.3255750 1.3298641 1.3327051 1.3447653 1.3465665 1.2985944 1.3116772 1.2858615 1.3860888 1.3860888 1.2837383 1.3989010 1.4035247 1.3799852 1.3702871 1.4324544 1.2886978 1.3299332 1.2663510 1.3012166 1.3087947 1.2904927 1.2768599 1.3910004 1.3877508 2.7960984 1.3601156 1.2667403 1.3048882 1.3718427 1.3095799 1.3079834 1.3289335 1.3950635 1.4158855 
MG966273.1                               2.7465860 2.8034073 2.7986599 2.7697277 2.7986599 2.8478646 2.8478646 2.8176533 2.6640104 0.0000000 0.5553850 0.5017030 0.4955965 0.4964101 0.4939173 0.5004961 0.4992027 0.4919950 0.4958494 0.4579199 0.4726963 0.4888594 0.5025740 0.5119670 0.5058435 0.5058435 0.4430819 0.5024003 0.5150418 0.5024003 0.5024003 0.5032940 0.4981610 0.6314782 0.6508948 0.6254364 0.4566125 0.4764238 0.5053457 0.5271457 0.5330133 0.5009168 0.5079893 0.5987926 0.4950500 0.5711014 0.5859181 0.6577202 0.4985539 0.4174750 0.4868820 0.4418430 0.4637587 0.4653806 0.4185036 0.4185036 0.3923504 0.4188358 0.4724598 0.3862043 0.6171398 0.4043146 0.4043146 0.4138698 0.4091855 0.3989713 0.3989713 0.4329883 0.4117383 0.4117383 0.4159884 0.4159884 0.4159884 0.4145158 0.4205746 0.6609951 0.3439635 0.3439635 0.5008933 0.4585223 0.4585223 0.4378205 0.3777147 0.3948617 0.3796443 0.4020829 0.4557291 0.4575587 0.5917669 0.5917669 0.4640755 0.4096563 0.4738620 0.3887153 0.4507244 0.3863312 0.3930913 0.3940849 0.4319810 0.4938655 0.4719217 0.4750427 0.3966460 0.3929962 0.3929962 0.3947865 0.3932627 0.3302419 0.4862775 0.3110477 0.6269566 0.6269566 0.3572425 0.4036901 0.3511535 0.3511535 0.3018805 0.3018805 0.4094189 0.4189189 0.4301001 0.4268615 0.4740865 0.3965335 0.4163846 0.4733546 0.4653906 0.4653906 0.4028320 0.4169021 0.5360476 0.4701910 0.4701910 0.4653906 0.4940263 0.4797254 0.4911347 0.4797254 0.4797254 0.4757652 0.4522087 0.5004870 0.4764470 0.4430127 0.4122545 0.4122545 0.4822270 0.4795060 0.4701754 0.3970494 0.4803444 0.4159102 0.4659562 0.4429589 0.5284974 0.4689395 0.4147462 0.4874347 0.5084034 0.4751110 0.4783409 0.2848340 0.1535694 0.5360332 0.5991972 0.1227586 0.5362757 0.5288732 0.5336043 0.5281286 0.8521932 
MZ668292.1                               1.5420280 1.5131617 1.5187262 1.4982893 1.5187262 1.5616833 1.5616833 1.4886275 1.4836398 0.5553850 0.0000000 0.0328164 0.0325342 0.0328724 0.0289044 0.0336215 0.0424929 0.0290588 0.0333281 0.0307870 0.0386650 0.0289044 0.0294568 0.0312495 0.0296389 0.0296389 0.0049998 0.0744015 0.0748355 0.0729250 0.0744015 0.0763793 0.0743370 0.2713234 0.3224351 0.2664771 0.2025538 0.2132896 0.2237314 0.1838031 0.1793144 0.1890880 0.2017872 0.3465870 0.1628901 0.1576810 0.2561937 0.2913912 0.1704804 0.1364022 0.2060866 0.2051201 0.1728875 0.1717567 0.1841385 0.1841385 0.1790006 0.1815404 0.1834216 0.1638741 0.1713596 0.1853152 0.1853152 0.1906289 0.1835615 0.1814877 0.1814877 0.1769104 0.1793877 0.1793877 0.1789699 0.1789699 0.1789699 0.1760905 0.1760573 0.5000139 0.1823333 0.1823333 0.1929769 0.1683406 0.1683406 0.1835938 0.1648420 0.1710456 0.1124625 0.1958193 0.1677087 0.1697085 0.1594446 0.1594446 0.1667527 0.1851679 0.1638619 0.1891544 0.1674107 0.1865203 0.1898178 0.1855540 0.1892250 0.1772093 0.1745075 0.1700295 0.1821647 0.1861652 0.1861652 0.1787911 0.1084001 0.1053175 0.1637668 0.1681564 0.5374796 0.5374796 0.1046266 0.1910487 0.2941431 0.2941431 0.1236704 0.1236704 0.1870709 0.1899670 0.1874553 0.1930079 0.1721106 0.1796138 0.1856234 0.1578934 0.1507711 0.1507711 0.1701004 0.1663515 0.1666107 0.1532933 0.1532933 0.1532933 0.1634755 0.1593532 0.1600731 0.1574004 0.1586930 0.1652986 0.1716859 0.1708312 0.1582085 0.1759081 0.1778160 0.1778160 0.1947816 0.1799315 0.1927546 0.1843307 0.1675030 0.1960855 0.1690600 0.1754208 0.1880633 0.1696129 0.1957710 0.1687583 0.1962566 0.1834045 0.1849632 0.1975716 0.1161061 0.1638338 0.2003636 0.0799085 0.1975390 0.1692949 0.2006456 0.1943093 0.5329017 
MZ668075.1                               1.5103089 1.4830667 1.4882916 1.4689928 1.4882916 1.5287648 1.5287648 1.4679180 1.4759281 0.5017030 0.0328164 0.0000000 0.0000010 0.0015466 0.0046703 0.0031625 0.0132468 0.0062395 0.0031378 0.0065993 0.0039865 0.0062395 0.0062986 0.0094970 0.0079434 0.0079434 0.0049802 0.0436467 0.0435834 0.0421672 0.0436467 0.0471961 0.0454093 0.2454697 0.3005096 0.2472713 0.1768239 0.1829146 0.1907285 0.1619803 0.1604884 0.1700526 0.1777402 0.3208061 0.1674845 0.1622486 0.1964380 0.2556965 0.1404137 0.1396868 0.1605741 0.1547571 0.1434776 0.1429194 0.1621782 0.1621782 0.1516177 0.1617444 0.1509408 0.1411818 0.1753267 0.1595533 0.1595533 0.1623324 0.1560906 0.1541459 0.1541459 0.1508640 0.1521511 0.1521511 0.1518230 0.1518230 0.1518230 0.1492166 0.1492052 0.2375049 0.1437111 0.1437111 0.1649786 0.1407854 0.1407854 0.1547790 0.1453393 0.1474615 0.1156825 0.1624270 0.1402882 0.1415757 0.1624700 0.1624700 0.1395405 0.1531248 0.1369514 0.1565445 0.1400424 0.1560522 0.1570770 0.1532046 0.1556424 0.1468274 0.1441172 0.1403290 0.1481218 0.1538815 0.1538815 0.1407339 0.1117843 0.1094905 0.1398046 0.1269905 0.2971677 0.2971677 0.1079950 0.1585220 0.1903177 0.1903177 0.1178959 0.1178959 0.1483464 0.1761380 0.1677557 0.1728802 0.1564258 0.1579415 0.1572546 0.1309283 0.1266836 0.1266836 0.1414255 0.1385357 0.1372004 0.1289728 0.1289728 0.1289728 0.1438620 0.1415843 0.1410653 0.1399496 0.1410320 0.1459214 0.1508961 0.1477987 0.1331921 0.1460363 0.1487715 0.1487715 0.1599147 0.1498451 0.1731357 0.1519100 0.1373411 0.1784290 0.1402982 0.1414150 0.1682045 0.1346455 0.1526013 0.1412496 0.1530779 0.1616793 0.1679293 0.2143016 0.1246274 0.1449884 0.1756866 0.0873398 0.1737957 0.1517368 0.1741879 0.1691230 0.3388939 
MZ667964.1                               1.5422795 1.5146961 1.5200169 1.5004742 1.5200169 1.5610421 1.5610421 1.4912245 1.5292699 0.4955965 0.0325342 0.0000010 0.0000000 0.0015466 0.0045989 0.0031625 0.0132468 0.0062211 0.0031378 0.0065148 0.0039865 0.0075846 0.0062986 0.0094970 0.0079434 0.0079434 0.0049802 0.0430784 0.0435834 0.0434185 0.0448775 0.0465790 0.0448169 0.2454697 0.3005096 0.2417016 0.1768239 0.1829146 0.1907285 0.1619803 0.1604884 0.1672469 0.1777402 0.3208061 0.1674845 0.1622486 0.1964380 0.2556965 0.1377234 0.1396868 0.1605741 0.1547571 0.1420877 0.1399417 0.1594157 0.1594157 0.1490622 0.1589954 0.1509408 0.1385494 0.1676779 0.1568437 0.1568437 0.1595659 0.1534577 0.1515429 0.1515429 0.1484044 0.1495769 0.1495769 0.1492598 0.1492598 0.1492598 0.1467026 0.1466929 0.2375049 0.1437111 0.1437111 0.1649786 0.1380736 0.1380736 0.1547790 0.1425957 0.1447288 0.1156825 0.1596560 0.1376065 0.1388821 0.1566149 0.1566149 0.1368868 0.1505536 0.1353797 0.1538953 0.1373687 0.1534183 0.1544120 0.1532046 0.1556424 0.1594701 0.1441172 0.1403290 0.1474882 0.1512848 0.1512848 0.1404158 0.1117843 0.1070697 0.1462065 0.1269905 0.2971677 0.2971677 0.1079950 0.1585220 0.1903177 0.1903177 0.1178959 0.1178959 0.1458614 0.1742288 0.1677557 0.1728802 0.1564258 0.1579415 0.1572546 0.1309283 0.1242917 0.1242917 0.1390615 0.1362660 0.1372004 0.1265315 0.1265315 0.1265315 0.1438620 0.1394103 0.1410653 0.1388630 0.1391420 0.1453580 0.1505820 0.1477987 0.1341925 0.1460363 0.1462721 0.1462721 0.1599147 0.1498451 0.1702284 0.1493414 0.1347289 0.1753088 0.1415324 0.1414150 0.1682045 0.1346455 0.1526013 0.1412496 0.1530779 0.1616793 0.1679293 0.1836460 0.1246274 0.1586091 0.1756866 0.0873398 0.1737957 0.1479488 0.1741879 0.1691230 0.3388939 
KP313584.1                               1.5103089 1.4830667 1.4882916 1.4689928 1.4882916 1.5287648 1.5287648 1.4757489 1.4837585 0.4964101 0.0328724 0.0015466 0.0015466 0.0000000 0.0031116 0.0015777 0.0113243 0.0046767 0.0015655 0.0049381 0.0019877 0.0046767 0.0047136 0.0078967 0.0063407 0.0063407 0.0024815 0.0418704 0.0418099 0.0403860 0.0418704 0.0454039 0.0436253 0.2428732 0.2960279 0.2447020 0.1736629 0.1800031 0.1876285 0.1594906 0.1580250 0.1674160 0.1747748 0.3166776 0.1621052 0.1569245 0.1964380 0.2523714 0.1383322 0.1359277 0.1575296 0.1513711 0.1413833 0.1408337 0.1594798 0.1594798 0.1489809 0.1590534 0.1484950 0.1382964 0.1753267 0.1568714 0.1568714 0.1596322 0.1534379 0.1514962 0.1514962 0.1483169 0.1495025 0.1495025 0.1491811 0.1491811 0.1491811 0.1465883 0.1465786 0.2375049 0.1402266 0.1402266 0.1624094 0.1387013 0.1387013 0.1516726 0.1424030 0.1445725 0.1120762 0.1597236 0.1382117 0.1395080 0.1624700 0.1624700 0.1374755 0.1504934 0.1348969 0.1538815 0.1379687 0.1533979 0.1544054 0.1505309 0.1530349 0.1446792 0.1416996 0.1379494 0.1453942 0.1512345 0.1512345 0.1379948 0.1080084 0.1061875 0.1377036 0.1230919 0.2971677 0.2971677 0.1042499 0.1558566 0.1903177 0.1903177 0.1136419 0.1136419 0.1457361 0.1733990 0.1648314 0.1699383 0.1539788 0.1546601 0.1544191 0.1285639 0.1246445 0.1246445 0.1388421 0.1360130 0.1346671 0.1269265 0.1269265 0.1269265 0.1414469 0.1392135 0.1389749 0.1378765 0.1386718 0.1434663 0.1483434 0.1453423 0.1311380 0.1434726 0.1461521 0.1461521 0.1570233 0.1472796 0.1704421 0.1492637 0.1352777 0.1756051 0.1382195 0.1389425 0.1656642 0.1325664 0.1498174 0.1368281 0.1502861 0.1592024 0.1654027 0.2143016 0.1161256 0.1426774 0.1727681 0.0792725 0.1710272 0.1496330 0.1711319 0.1661734 0.3388939 
OM473843.1                               1.4962298 1.4695133 1.4746245 1.4556998 1.4746245 1.5143018 1.5143018 1.4468285 1.4528262 0.4939173 0.0289044 0.0046703 0.0045989 0.0031116 0.0000000 0.0047656 0.0074770 0.0015397 0.0047350 0.0016242 0.0019877 0.0015229 0.0015609 0.0047066 0.0031496 0.0031496 0.0024759 0.0399624 0.0401713 0.0384776 0.0399624 0.0435334 0.0417666 0.2431583 0.2994642 0.2412810 0.1642215 0.1769762 0.1844097 0.1544343 0.1506480 0.1581922 0.1659095 0.3085817 0.1621052 0.1569245 0.1972498 0.2529332 0.1317844 0.1359277 0.1571746 0.1543472 0.1350340 0.1334754 0.1524252 0.1524252 0.1429777 0.1528774 0.1459377 0.1366830 0.1713596 0.1507266 0.1507266 0.1554454 0.1493706 0.1474483 0.1474483 0.1444470 0.1457576 0.1457576 0.1454474 0.1454474 0.1454474 0.1428895 0.1428820 0.2253548 0.1369592 0.1369592 0.1620835 0.1328580 0.1328580 0.1513214 0.1407210 0.1428963 0.1120762 0.1548524 0.1333977 0.1329830 0.1594446 0.1594446 0.1327016 0.1458516 0.1292313 0.1491468 0.1331659 0.1467967 0.1496497 0.1451597 0.1496638 0.1395984 0.1386154 0.1349278 0.1413025 0.1465573 0.1465573 0.1373986 0.1080084 0.1049874 0.1328638 0.1182709 0.2737908 0.2737908 0.1042499 0.1505002 0.1771027 0.1771027 0.1132654 0.1132654 0.1467786 0.1636237 0.1562590 0.1609756 0.1465171 0.1446928 0.1487248 0.1283312 0.1227563 0.1227563 0.1373867 0.1346170 0.1344050 0.1249979 0.1249979 0.1249979 0.1411833 0.1378731 0.1384522 0.1363011 0.1373421 0.1426441 0.1477436 0.1450662 0.1339550 0.1457449 0.1471944 0.1471944 0.1595520 0.1495453 0.1610009 0.1476754 0.1332088 0.1655177 0.1389441 0.1386778 0.1580576 0.1320720 0.1494941 0.1386303 0.1499608 0.1566207 0.1578509 0.1975716 0.1161256 0.1353648 0.1689118 0.0792725 0.1673741 0.1437027 0.1671037 0.1623055 0.3196216 
OP749133.1                               1.5655128 1.5364281 1.5420590 1.5214598 1.5420590 1.5853763 1.5853763 1.5179605 1.5260805 0.5004961 0.0336215 0.0031625 0.0031625 0.0015777 0.0047656 0.0000000 0.0093970 0.0031704 0.0000010 0.0033176 0.0000010 0.0031750 0.0031750 0.0064031 0.0047833 0.0047833 0.0024759 0.0441620 0.0441620 0.0426674 0.0441620 0.0478300 0.0460179 0.2495462 0.2991614 0.2546058 0.1763642 0.1824797 0.1902500 0.1629488 0.1627703 0.1718794 0.1773072 0.3163984 0.1635111 0.1582795 0.2004976 0.2566401 0.1440557 0.1359277 0.1601643 0.1543148 0.1472171 0.1466297 0.1639785 0.1639785 0.1532825 0.1610174 0.1512309 0.1429018 0.1816557 0.1613189 0.1613189 0.1641352 0.1578059 0.1558417 0.1558417 0.1524648 0.1541383 0.1541383 0.1538017 0.1538017 0.1538017 0.1511572 0.1511444 0.2509258 0.1436621 0.1436621 0.1608987 0.1444406 0.1444406 0.1543731 0.1471328 0.1492468 0.1120762 0.1642329 0.1439180 0.1452208 0.1672470 0.1672470 0.1431314 0.1547996 0.1404613 0.1582706 0.1436612 0.1577682 0.1588136 0.1538764 0.1559597 0.1488895 0.1438194 0.1411513 0.1498122 0.1555732 0.1555732 0.1423613 0.1080084 0.1080473 0.1417301 0.1265583 0.3064681 0.3064681 0.1042499 0.1595985 0.1959159 0.1959159 0.1174531 0.1174531 0.1499650 0.1726311 0.1619546 0.1666873 0.1543762 0.1510650 0.1568794 0.1317424 0.1299190 0.1299190 0.1429652 0.1400132 0.1374779 0.1322755 0.1322755 0.1322755 0.1435650 0.1435650 0.1435650 0.1435650 0.1435650 0.1474222 0.1525008 0.1474897 0.1366103 0.1463322 0.1503998 0.1503998 0.1595269 0.1498326 0.1750295 0.1535836 0.1408762 0.1748341 0.1363583 0.1398666 0.1685337 0.1370246 0.1522418 0.1413762 0.1527165 0.1593096 0.1639312 0.2455363 0.1161256 0.1471832 0.1752644 0.0792725 0.1733986 0.1556963 0.1737487 0.1687090 0.3488750 
KP313585.1                               1.4979396 1.4955069 1.5186727 1.4955069 1.5186727 1.5660302 1.5660302 1.5010208 1.5144866 0.4992027 0.0424929 0.0132468 0.0132468 0.0113243 0.0074770 0.0093970 0.0000000 0.0055939 0.0094132 0.0057345 0.0064799 0.0056034 0.0056034 0.0075095 0.0075095 0.0075095 0.0110672 0.0462825 0.0462825 0.0445223 0.0462825 0.0505748 0.0484222 0.2390154 0.2630378 0.2409049 0.1657540 0.1698668 0.1711315 0.1570509 0.1539903 0.1581884 0.1570434 0.2795911 0.1361539 0.1418890 0.1961804 0.2408580 0.1387911 0.1203458 0.1439331 0.1576945 0.1386265 0.1386265 0.1519932 0.1519932 0.1408318 0.1496519 0.1467978 0.1329665 0.1710395 0.1499821 0.1499821 0.1555668 0.1483860 0.1461124 0.1461124 0.1426415 0.1441066 0.1441066 0.1437440 0.1437440 0.1437440 0.1407252 0.1437440 0.2385270 0.1403746 0.1403746 0.1451937 0.1381643 0.1381643 0.1397486 0.1377895 0.1404728 0.0932056 0.1548646 0.1375782 0.1370540 0.1533884 0.1533884 0.1366987 0.1442443 0.1336106 0.1450682 0.1344893 0.1453475 0.1487140 0.1408203 0.1458159 0.1394995 0.1374688 0.1343757 0.1379756 0.1450682 0.1450682 0.1329270 0.0928900 0.0923995 0.1340919 0.1220526 0.2849182 0.2849182 0.0895390 0.1444474 0.1834542 0.1834542 0.1174531 0.1174531 0.1483009 0.1586278 0.1398133 0.1458932 0.1442228 0.1415377 0.1424144 0.1275331 0.1275331 0.1275331 0.1375673 0.1342901 0.1302852 0.1303084 0.1303084 0.1303084 0.1432900 0.1432900 0.1432900 0.1432900 0.1432900 0.1432900 0.1483274 0.1458303 0.1378804 0.1441550 0.1487988 0.1487988 0.1482034 0.1482048 0.1614910 0.1463773 0.1373454 0.1606955 0.1320511 0.1308657 0.1594564 0.1328111 0.1411345 0.1379205 0.1379952 0.1558760 0.1554901 0.4585228 0.1161256 0.1448728 0.1678978 0.0792725 0.1616386 0.1541551 0.1563567 0.1567610 0.3318149 
MZ668203.1                               1.4971902 1.4703448 1.4754813 1.4564660 1.4754813 1.5153525 1.5153525 1.4554107 1.4634193 0.4919950 0.0290588 0.0062395 0.0062211 0.0046767 0.0015397 0.0031704 0.0055939 0.0000000 0.0031501 0.0000010 0.0000010 0.0000010 0.0000010 0.0031312 0.0015715 0.0015715 0.0024759 0.0418618 0.0419343 0.0403776 0.0418618 0.0454641 0.0436831 0.2429511 0.2991614 0.2433909 0.1672665 0.1798203 0.1874353 0.1568587 0.1530341 0.1614260 0.1687696 0.3083068 0.1621052 0.1569245 0.1969193 0.2527138 0.1351322 0.1359277 0.1601643 0.1576945 0.1381404 0.1376080 0.1557245 0.1557245 0.1461883 0.1537327 0.1483329 0.1401913 0.1734190 0.1540192 0.1540192 0.1587833 0.1526291 0.1506963 0.1506963 0.1475605 0.1490056 0.1490056 0.1486862 0.1486862 0.1486862 0.1461026 0.1460931 0.2385270 0.1403746 0.1403746 0.1646048 0.1372292 0.1372292 0.1543731 0.1443069 0.1464334 0.1120762 0.1581751 0.1367496 0.1363201 0.1610181 0.1610181 0.1360286 0.1490556 0.1334824 0.1524004 0.1365110 0.1500302 0.1529155 0.1477619 0.1522028 0.1436476 0.1409734 0.1372497 0.1439454 0.1497825 0.1497825 0.1400864 0.1080084 0.1056136 0.1367393 0.1220526 0.2849182 0.2849182 0.1042499 0.1530937 0.1834542 0.1834542 0.1174531 0.1174531 0.1500080 0.1617330 0.1534324 0.1581392 0.1441466 0.1415377 0.1514819 0.1306590 0.1259709 0.1259709 0.1405315 0.1376789 0.1368972 0.1282444 0.1282444 0.1282444 0.1435581 0.1407628 0.1407743 0.1391475 0.1402171 0.1450471 0.1502457 0.1474806 0.1347384 0.1482793 0.1504366 0.1504366 0.1624076 0.1520805 0.1643129 0.1509328 0.1365579 0.1635780 0.1394919 0.1386778 0.1605157 0.1343714 0.1522284 0.1409576 0.1527027 0.1541942 0.1554023 0.2060174 0.1161256 0.1396636 0.1717461 0.0792725 0.1700648 0.1480388 0.1700700 0.1651709 0.3318149 
OP749468.1                               1.5465446 1.5181560 1.5236344 1.5035279 1.5236344 1.5658764 1.5658764 1.4999689 1.5080579 0.4958494 0.0333281 0.0031378 0.0031378 0.0015655 0.0047350 0.0000010 0.0094132 0.0031501 0.0000000 0.0033012 0.0000010 0.0031501 0.0031601 0.0063525 0.0047456 0.0047456 0.0024815 0.0438592 0.0439357 0.0423734 0.0438592 0.0474268 0.0456308 0.2454876 0.2957267 0.2490610 0.1767711 0.1828646 0.1906734 0.1619416 0.1614272 0.1711060 0.1776904 0.3163984 0.1621052 0.1569245 0.1961092 0.2527611 0.1428815 0.1359277 0.1605271 0.1547064 0.1460114 0.1454335 0.1632162 0.1632162 0.1525777 0.1602722 0.1509050 0.1421732 0.1784345 0.1605713 0.1605713 0.1633719 0.1570797 0.1551237 0.1551237 0.1517872 0.1531182 0.1531182 0.1527859 0.1527859 0.1527859 0.1501611 0.1501490 0.2509258 0.1436621 0.1436621 0.1601954 0.1432621 0.1432621 0.1547324 0.1463730 0.1484905 0.1120762 0.1634682 0.1427478 0.1440457 0.1648233 0.1648233 0.1419739 0.1540906 0.1393300 0.1575398 0.1424946 0.1570417 0.1580784 0.1531649 0.1556032 0.1485644 0.1440831 0.1402962 0.1490964 0.1548570 0.1548570 0.1416721 0.1080084 0.1071091 0.1414267 0.1269410 0.3087873 0.3087873 0.1042499 0.1588656 0.1968481 0.1968481 0.1178452 0.1178452 0.1492798 0.1718338 0.1619546 0.1670448 0.1531062 0.1514328 0.1572116 0.1311883 0.1288763 0.1288763 0.1423134 0.1393878 0.1371661 0.1312110 0.1312110 0.1312110 0.1438280 0.1423994 0.1426928 0.1423994 0.1423994 0.1467871 0.1518216 0.1477633 0.1355085 0.1459997 0.1497105 0.1497105 0.1598702 0.1498077 0.1742277 0.1528751 0.1397366 0.1740038 0.1352595 0.1392605 0.1681637 0.1361946 0.1525601 0.1405177 0.1530365 0.1583249 0.1629150 0.2288652 0.1161256 0.1468369 0.1756381 0.0792725 0.1737501 0.1544196 0.1741374 0.1690754 0.3516586 
MN963585.1                               1.6601235 1.6291285 1.6352298 1.6132553 1.6352298 1.6816397 1.6816397 2.0597662 1.6308632 0.4579199 0.0307870 0.0065993 0.0065148 0.0049381 0.0016242 0.0033176 0.0057345 0.0000010 0.0033012 0.0000000 0.0000010 0.0000010 0.0000010 0.0033071 0.0016467 0.0016467 0.0024815 0.0407661 0.0445382 0.0433483 0.0538196 0.0423413 0.0407476 0.2614591 0.2957267 0.2529804 0.1676494 0.1801993 0.1878522 0.1669604 0.1627672 0.1484962 0.1691317 0.3201129 0.1621052 0.1569245 0.2027882 0.2697992 0.1357291 0.1359277 0.1605271 0.1438119 0.1485645 0.1476071 0.1513454 0.1513454 0.1421002 0.1494075 0.1571923 0.1358577 0.1603483 0.1496804 0.1496804 0.1542969 0.1483600 0.1464765 0.1464765 0.1354323 0.1445395 0.1445395 0.1442389 0.1442389 0.1442389 0.1417415 0.1417348 0.2385270 0.1403746 0.1403746 0.1604431 0.1468807 0.1468807 0.1547324 0.1394675 0.1416108 0.1120762 0.1537200 0.1427443 0.1422768 0.1509173 0.1509173 0.1419595 0.1449223 0.1390029 0.1481419 0.1424875 0.1458414 0.1486317 0.1480571 0.1524979 0.1547925 0.1493270 0.1458897 0.1442388 0.1456089 0.1456089 0.1403781 0.1080084 0.1015061 0.1471330 0.1224183 0.2870473 0.2870473 0.1042499 0.1533967 0.1843194 0.1843194 0.1178452 0.1178452 0.1458248 0.1609774 0.1534324 0.1584758 0.1545198 0.1418792 0.1518013 0.1363824 0.1314501 0.1314501 0.1366313 0.1270240 0.1461947 0.1338373 0.1338373 0.1338373 0.1521037 0.1389838 0.1514672 0.1489344 0.1480445 0.1495872 0.1505334 0.1553535 0.1444734 0.1485676 0.1462291 0.1462291 0.1627580 0.1540220 0.1492546 0.1466967 0.1425435 0.1588896 0.1420380 0.1415591 0.1691164 0.1445489 0.1525464 0.1491561 0.1530225 0.1657847 0.1654172 0.1596755 0.1161256 0.1514162 0.1651003 0.0792725 0.1704075 0.1572290 0.1704480 0.1655274 0.3344101 
MZ667943.1                               1.5680376 1.5649951 1.5934362 1.5649951 1.5934362 1.6235904 1.6235904 1.5873126 1.5688591 0.4726963 0.0386650 0.0039865 0.0039865 0.0019877 0.0019877 0.0000010 0.0064799 0.0000010 0.0000010 0.0000010 0.0000000 0.0000010 0.0000010 0.0019933 0.0019933 0.0019933 0.0000010 0.0404502 0.0404502 0.0404502 0.0404502 0.0494976 0.0472104 0.2727221 0.3058357 0.2806206 0.1499994 0.1633583 0.1604097 0.1573762 0.1546948 0.1546948 0.1546948 0.3263170 0.1673981 0.1611908 0.1826343 0.2760739 0.1488370 0.1321422 0.1563470 0.1334072 0.1490078 0.1461199 0.1548693 0.1548693 0.1402886 0.1460508 0.1518318 0.1463434 0.1922516 0.1494122 0.1494122 0.1515392 0.1481107 0.1484993 0.1484993 0.1519214 0.1432842 0.1432842 0.1429254 0.1429254 0.1429254 0.1399234 0.1399166 0.2174219 0.1283538 0.1283538 0.1505902 0.1486014 0.1486014 0.1491259 0.1479571 0.1502581 0.0981804 0.1547521 0.1483415 0.1501887 0.1724525 0.1724525 0.1473199 0.1441327 0.1439359 0.1480104 0.1480104 0.1476962 0.1486014 0.1434109 0.1503771 0.1503771 0.1486014 0.1448288 0.1449561 0.1449561 0.1449561 0.1426910 0.1049245 0.0976934 0.1445058 0.1149795 0.2855208 0.2855208 0.0990928 0.1478250 0.1674242 0.1674242 0.1178452 0.1178452 0.1392371 0.1504208 0.1389933 0.1473880 0.1473880 0.1308227 0.1423206 0.1312287 0.1312287 0.1312287 0.1312287 0.1312287 0.1312287 0.1342116 0.1342116 0.1342116 0.1367892 0.1367892 0.1367892 0.1367892 0.1367892 0.1367892 0.1367892 0.1394834 0.1396993 0.1396993 0.1396993 0.1396993 0.1404144 0.1445603 0.1548156 0.1402331 0.1420696 0.1476557 0.1363710 0.1344116 0.1610198 0.1372118 0.1400645 0.1427057 0.1351142 0.1564524 0.1591053 1.0728778 0.1161256 0.1402712 0.1593199 0.0792725 0.1579943 0.1605302 0.1605302 0.1579943 0.3426422 
MZ667934.1                               1.5042577 1.4772963 1.4824614 1.4633647 1.4824614 1.5225139 1.5225139 1.4543984 1.4639167 0.4888594 0.0289044 0.0062395 0.0075846 0.0046767 0.0015229 0.0031750 0.0056034 0.0000010 0.0031501 0.0000010 0.0000010 0.0000000 0.0000010 0.0031312 0.0015715 0.0015715 0.0024815 0.0417792 0.0419984 0.0402975 0.0417792 0.0453045 0.0435300 0.2401103 0.2957267 0.2386227 0.1676494 0.1801993 0.1878522 0.1571476 0.1533127 0.1610240 0.1691317 0.3083068 0.1621052 0.1569245 0.1925283 0.2500809 0.1342824 0.1359277 0.1605271 0.1580957 0.1375638 0.1354940 0.1553238 0.1553238 0.1458145 0.1533370 0.1486054 0.1397941 0.1713596 0.1536223 0.1536223 0.1583728 0.1522386 0.1503104 0.1503104 0.1471958 0.1483298 0.1483298 0.1480133 0.1480133 0.1480133 0.1454428 0.1454338 0.2385270 0.1403746 0.1403746 0.1649174 0.1353407 0.1353407 0.1547324 0.1438928 0.1460209 0.1120762 0.1577674 0.1358929 0.1354688 0.1594446 0.1594446 0.1351809 0.1486777 0.1336900 0.1520109 0.1356569 0.1496471 0.1525237 0.1480571 0.1524979 0.1515398 0.1412304 0.1374972 0.1442388 0.1494009 0.1494009 0.1403781 0.1080084 0.1049874 0.1385832 0.1224183 0.2870473 0.2870473 0.1042499 0.1533967 0.1843194 0.1843194 0.1178452 0.1178452 0.1496255 0.1613199 0.1534324 0.1584758 0.1444072 0.1418792 0.1518013 0.1308970 0.1251877 0.1251877 0.1401749 0.1373366 0.1371624 0.1274450 0.1274450 0.1274450 0.1438210 0.1404349 0.1410272 0.1388271 0.1398918 0.1453154 0.1505334 0.1477540 0.1364618 0.1485676 0.1500518 0.1500518 0.1627580 0.1523750 0.1638965 0.1505454 0.1357026 0.1631488 0.1414943 0.1389379 0.1608143 0.1346122 0.1525464 0.1412112 0.1530225 0.1544762 0.1556887 0.1975716 0.1161256 0.1482228 0.1721101 0.0792725 0.1704075 0.1462484 0.1704480 0.1655274 0.3344101 
