172
OQ252774.1_Amanita_muscaria_var._guessowii      0.0000000 0.0048351 0.0352464 0.0000026 0.1418766 0.1444336 0.1418766 0.1480977 0.0075079 0.0000010 0.0000010 0.0044062 0.0000026 0.0261558 0.0406370 0.0248758 0.0434277 0.0047775 0.0391049 1.8245474 0.0502550 0.0176459 0.0280916 0.0049370 0.1371947 0.0345967 0.1482929 0.1761569 0.1414918 0.0031049 0.1419790 0.1393730 0.1510656 0.1371956 0.0507747 0.0222941 0.0139814 1.5234524 0.1484134 0.0120984 0.0016721 0.0456969 0.0469816 0.0496847 0.1408442 0.0067862 0.0078011 0.0245736 0.1492605 0.0182663 0.0181046 0.0131670 0.0196878 0.0045418 0.0270470 0.0468160 0.0224454 0.0000010 0.0000026 0.0385800 0.0465973 0.0465973 0.0158710 1.8222676 0.0382836 0.0034577 1.8296239 0.0000010 0.0250603 0.5318522 0.0103263 0.0532099 0.0144995 0.1482929 0.1482929 0.0386404 0.0396109 0.0703404 0.0218971 0.0208715 0.0135196 0.0135196 1.8334862 1.8334862 1.8334862 1.8296239 1.8640618 1.8334862 0.0337040 0.0250603 0.0251379 0.0048115 0.0215190 0.0000027 0.0000027 0.0301580 0.0215190 0.0215190 0.0032018 0.0266866 0.0147311 0.0000027 0.0031893 0.0232592 0.0032018 0.0250229 0.0250229 0.0032018 0.0268439 0.1492621 0.1413631 0.1435277 0.1400061 0.0347336 0.0355311 0.0342969 0.0355497 0.0344975 0.0374455 1.8590142 0.0033739 0.3801145 0.2944391 0.0147127 1.4374923 0.3788433 0.3248714 0.3173017 0.3295302 0.0044233 0.0073960 0.0059089 0.0044233 0.0044308 0.0150471 0.0150471 0.0150471 1.7643935 1.8201186 1.5076695 0.1242337 0.1308836 0.0988386 0.0059768 0.0101418 0.0000029 0.0232592 0.0276135 0.0082224 0.0215190 0.0053421 0.0232230 0.1242337 0.1308836 0.0988386 0.0059768 0.0101418 0.0000029 0.0276135 0.0082224 0.0053421 0.0232230 0.0858944 0.0000010 0.0232221 0.0168129 0.0417568 0.0144852 0.0562291 0.0232592 0.0091027 0.0215190 
OQ172990.1_Amanita_muscaria_var._guessowii      0.0048351 0.0000000 0.0376216 0.0048564 0.1575160 0.1603794 0.1575160 0.1639259 0.0048251 0.0048351 0.0037687 0.0032053 0.0048422 0.0259818 0.0439023 0.0251415 0.0439900 0.0032109 0.0362016 1.8363171 0.0374208 0.0150053 0.0289318 0.0032667 0.1574277 0.0373666 0.1664614 0.2022801 0.1599672 0.0016017 0.1599374 0.1599374 0.1510656 0.1574336 0.0544533 0.0233923 0.0147253 1.5753791 0.1574336 0.0114716 0.0067563 0.0483858 0.0507555 0.0432635 0.1578353 0.0034454 0.0025705 0.0250507 0.1492605 0.0198790 0.0198191 0.0078087 0.0129821 0.0016375 0.0251334 0.0504815 0.0215442 0.0054037 0.0048500 0.0422903 0.0444726 0.0444726 0.0140289 1.8203121 0.0373666 0.0017272 1.8885980 0.0055297 0.0251706 0.5298775 0.0051043 0.0508370 0.0147253 0.1664614 0.1664614 0.0366529 0.0375698 0.0707388 0.0233349 0.0215106 0.0147253 0.0147253 1.8926271 1.8926271 1.8926271 1.8885980 1.9273768 1.8926271 0.0338540 0.0251706 0.0252489 0.0032144 0.0216127 0.0048476 0.0048547 0.0302913 0.0216127 0.0216127 0.0016043 0.0268039 0.0147944 0.0048476 0.0081108 0.0233609 0.0016043 0.0251330 0.0251330 0.0016043 0.0269627 0.1672345 0.1584802 0.1534633 0.1574277 0.0375043 0.0373666 0.0373666 0.0378261 0.0373666 0.0411927 1.8498316 0.0016881 0.3697489 0.3361338 0.0139948 1.5081515 0.4003124 0.3693173 0.3542725 0.3610909 0.0031997 0.0064228 0.0048095 0.0031997 0.0032057 0.0163916 0.0163916 0.0163916 1.8266274 1.9135249 1.4715941 0.1242337 0.1308836 0.1489732 0.0000010 0.0068207 0.0000010 0.0233609 0.0250592 0.0127017 0.0216127 0.0053070 0.0233244 0.1242337 0.1308836 0.1489732 0.0000010 0.0068207 0.0000010 0.0250592 0.0127017 0.0053070 0.0233244 0.0858944 0.0163494 0.0233235 0.0169350 0.0414036 0.0146215 0.0564915 0.0233609 0.0068674 0.0216127 
OP749823.1_Amanita_frostiana                    0.0352464 0.0376216 0.0000000 0.0351243 0.1571339 0.1544086 0.1571339 0.1567583 0.0334231 0.0352464 0.0319362 0.0383570 0.0351255 0.0194788 0.0363821 0.0352028 0.0480696 0.0404168 0.0253079 1.8634176 0.0648196 0.0202373 0.0383574 0.0400977 0.1520633 0.0000010 0.1566914 0.1847429 0.1544086 0.0345205 0.1543810 0.1543810 0.1536316 0.1520675 0.0487699 0.0359350 0.0271280 1.5187775 0.1606076 0.0370558 0.0357068 0.0535140 0.0453655 0.0545196 0.1574312 0.0430539 0.0298865 0.0333560 0.1489088 0.0335545 0.0334568 0.0301493 0.0385393 0.0390034 0.0381849 0.0452964 0.0347957 0.0285776 0.0335847 0.0360138 0.0403698 0.0403698 0.0251704 1.8670029 0.0015696 0.0294112 1.8571029 0.0292806 0.0359567 0.5781768 0.0376746 0.0419984 0.0284406 0.1566914 0.1566914 0.0437125 0.0447988 0.0759363 0.0300657 0.0332376 0.0268340 0.0268340 1.8608793 1.8608793 1.8608793 1.8571029 1.8919630 1.8608793 0.0470975 0.0359567 0.0436767 0.0378058 0.0342523 0.0378794 0.0379391 0.0433496 0.0343059 0.0342523 0.0394947 0.0396981 0.0289122 0.0379391 0.0415556 0.0361573 0.0360188 0.0415722 0.0415722 0.0360188 0.0378311 0.1566914 0.1520675 0.1532637 0.1520633 0.0000010 0.0000010 0.0000010 0.0000010 0.0000010 0.0431429 1.8958461 0.0324080 0.3644110 0.2864870 0.0284833 1.5233737 0.3601437 0.3347103 0.3148646 0.3231763 0.0383466 0.0416274 0.0400243 0.0350621 0.0351259 0.0284625 0.0284625 0.0284625 1.8337388 1.8630123 1.5071265 0.1242337 0.1308836 0.1306931 0.0476951 0.0369492 0.0561839 0.0361573 0.0419802 0.0223791 0.0343059 0.0880824 0.0360990 0.1242337 0.1308836 0.1306931 0.0476951 0.0369492 0.0561839 0.0419802 0.0223791 0.0880824 0.0360990 0.0858944 0.0000010 0.0360410 0.0251098 0.0965529 0.0124270 0.0548138 0.0361573 0.0241191 0.0341975 
OP749707.1_Amanita_muscaria_var._guessowii      0.0000026 0.0048564 0.0351243 0.0000000 0.1428478 0.1454264 0.1428478 0.1477449 0.0060673 0.0000026 0.0000010 0.0045501 0.0000010 0.0263128 0.0408904 0.0249001 0.0432651 0.0047818 0.0391049 1.8412535 0.0501151 0.0176459 0.0280770 0.0049491 0.1431146 0.0351243 0.1513959 0.1827199 0.1454264 0.0031186 0.1453994 0.1453994 0.1510656 0.1431167 0.0509001 0.0223482 0.0140410 1.5057632 0.1511054 0.0123161 0.0016721 0.0485677 0.0474548 0.0494880 0.1431151 0.0067719 0.0078011 0.0236058 0.1492605 0.0187411 0.0186879 0.0131670 0.0138120 0.0046234 0.0269879 0.0473818 0.0227616 0.0000010 0.0000026 0.0396634 0.0465973 0.0465973 0.0158710 1.8389652 0.0385805 0.0034986 1.8410179 0.0000010 0.0254281 0.5494170 0.0103016 0.0532099 0.0147043 0.1513959 0.1513959 0.0385739 0.0395411 0.0699536 0.0219170 0.0211656 0.0138922 0.0138922 1.8448775 1.8448775 1.8448775 1.8410179 1.8759320 1.8448775 0.0342034 0.0254281 0.0255080 0.0048790 0.0218317 0.0000010 0.0000010 0.0306021 0.0218317 0.0218317 0.0032466 0.0270776 0.0149425 0.0000010 0.0032338 0.0235985 0.0032466 0.0253896 0.0253896 0.0032466 0.0272397 0.1513959 0.1431167 0.1431264 0.1431146 0.0351243 0.0358547 0.0351243 0.0354254 0.0351243 0.0386363 1.8768711 0.0034185 0.3801145 0.2944391 0.0147265 1.4341752 0.3788433 0.3399694 0.3230057 0.3318036 0.0045426 0.0075970 0.0060686 0.0045426 0.0045506 0.0154627 0.0154627 0.0154627 1.8065619 1.8538949 1.5164713 0.1242337 0.1308836 0.1306931 0.0059768 0.0104927 0.0000010 0.0235985 0.0275355 0.0085709 0.0218317 0.0106343 0.0235612 0.1242337 0.1308836 0.1306931 0.0059768 0.0104927 0.0000010 0.0275355 0.0085709 0.0106343 0.0235612 0.0858944 0.0000010 0.0235603 0.0171294 0.0414036 0.0148397 0.0570039 0.0235985 0.0093123 0.0217975 
OP749480.1_Amanita_parcivolvata                 0.1418766 0.1575160 0.1571339 0.1428478 0.0000000 0.0015672 0.0000010 0.0015784 0.1440688 0.1418766 0.1532164 0.1484077 0.1418073 0.1800859 0.1753434 0.1608485 0.1763433 0.1592878 0.1560577 2.1209873 0.1757746 0.1202597 0.1643249 0.1608542 0.0031407 0.1556773 0.0491800 0.0278789 0.0015672 0.1455153 0.0047195 0.0047195 0.0019810 0.0015672 0.1639202 0.1540756 0.1399273 1.5330757 0.0016407 0.1483854 0.1585732 0.1426398 0.1645670 0.1762154 0.0015673 0.1670113 0.1153049 0.1494691 0.0000010 0.1426833 0.1421627 0.1158337 0.1489443 0.1523616 0.1763999 0.1639372 0.1523661 0.1468184 0.1420709 0.1606801 0.1794127 0.1794127 0.1540588 2.1248411 0.1682981 0.1440595 2.1009296 0.1420397 0.1648905 0.5682381 0.1358128 0.1902423 0.1484528 0.0491800 0.0491800 0.1718421 0.1773177 0.3336784 0.1452359 0.1505878 0.1375453 0.1375453 2.1039884 2.1039884 2.1039884 2.1009296 2.1411682 2.1039884 0.1702670 0.1648905 0.1573096 0.1584735 0.1566666 0.1559560 0.1562690 0.1647122 0.1566666 0.1566666 0.1603990 0.1620863 0.1515387 0.1559560 0.1610324 0.1566666 0.1559560 0.1650003 0.1650003 0.1559560 0.1648905 0.0492584 0.0015717 0.0018565 0.0031407 0.1559721 0.1603257 0.1556773 0.1591018 0.1556773 0.1576950 2.1623398 0.1506851 0.3738605 0.2943601 0.1465278 1.5142222 0.3432843 0.3286412 0.3262095 0.3243772 0.1481132 0.1503443 0.1481132 0.1438000 0.1440914 0.1397917 0.1397917 0.1397917 2.0734506 2.1087690 1.5549817 0.1160242 0.1226765 0.1197638 0.1395813 0.1807208 0.1888635 0.1566666 0.1537983 0.1601194 0.1566666 0.3000435 0.1592334 0.1160242 0.1226765 0.1197638 0.1395813 0.1807208 0.1888635 0.1537983 0.1601194 0.3000435 0.1592334 0.0781414 0.2211101 0.1541116 0.1449209 0.2189423 0.1093486 0.1879986 0.1566666 0.1069747 0.1566666 
OP749468.1_Amanita_parcivolvata                 0.1444336 0.1603794 0.1544086 0.1454264 0.0015672 0.0000000 0.0015672 0.0000010 0.1466382 0.1444336 0.1535819 0.1509979 0.1443630 0.1748732 0.1701567 0.1579337 0.1732804 0.1621116 0.1523515 2.1415031 0.1718505 0.1166716 0.1614097 0.1637903 0.0015641 0.1529834 0.0491018 0.0278336 0.0000010 0.1481890 0.0031292 0.0031292 0.0000010 0.0000010 0.1611577 0.1567828 0.1425124 1.5462148 0.0000010 0.1510104 0.1615860 0.1397393 0.1617915 0.1729970 0.0031457 0.1700841 0.1115828 0.1468051 0.0000010 0.1452564 0.1447244 0.1120929 0.1515465 0.1550372 0.1730912 0.1611756 0.1551139 0.1440694 0.1446322 0.1579498 0.1761216 0.1761216 0.1570945 2.1453525 0.1653698 0.1443723 2.1246882 0.1392557 0.1618855 0.5707846 0.1439604 0.1836504 0.1512295 0.0491018 0.0491018 0.1685886 0.1739356 0.3304352 0.1425932 0.1533347 0.1400775 0.1400775 2.1276628 2.1276628 2.1276628 2.1246882 2.1654169 2.1276628 0.1732469 0.1618855 0.1602066 0.1613579 0.1595485 0.1588237 0.1591438 0.1676510 0.1595485 0.1595485 0.1632846 0.1650085 0.1543850 0.1588237 0.1639339 0.1595485 0.1588237 0.1679461 0.1679461 0.1588237 0.1618855 0.0491800 0.0000010 0.0000010 0.0015618 0.1532717 0.1575321 0.1529834 0.1563340 0.1529834 0.1549917 2.1834940 0.1536443 0.3705155 0.2990117 0.1493005 1.4943050 0.3432843 0.3286412 0.3262095 0.3243772 0.1506979 0.1529416 0.1506979 0.1463636 0.1466603 0.1423375 0.1423375 0.1423375 2.0927828 2.1327337 1.5643011 0.1160242 0.1226765 0.1197638 0.1352408 0.1749348 0.2021519 0.1595485 0.1576287 0.1534398 0.1595485 0.3235904 0.1621325 0.1160242 0.1226765 0.1197638 0.1352408 0.1749348 0.2021519 0.1576287 0.1534398 0.3235904 0.1621325 0.0781414 0.2211101 0.1569764 0.1421218 0.2447601 0.1059344 0.1848056 0.1595485 0.1037314 0.1595485 
OP749372.1_Amanita_parcivolvata                 0.1418766 0.1575160 0.1571339 0.1428478 0.0000010 0.0015672 0.0000000 0.0015784 0.1440688 0.1418766 0.1532164 0.1484077 0.1418073 0.1800859 0.1753434 0.1608485 0.1763433 0.1592878 0.1560577 2.1209873 0.1757746 0.1202597 0.1643249 0.1608542 0.0031407 0.1556773 0.0491800 0.0278789 0.0015672 0.1455153 0.0047195 0.0047195 0.0019810 0.0015672 0.1639202 0.1540756 0.1399273 1.5330757 0.0016407 0.1483854 0.1585732 0.1426398 0.1645670 0.1762154 0.0015673 0.1670113 0.1153049 0.1494691 0.0000010 0.1426833 0.1421627 0.1158337 0.1489443 0.1523616 0.1763999 0.1639372 0.1523661 0.1468184 0.1420709 0.1606801 0.1794127 0.1794127 0.1540588 2.1248411 0.1682981 0.1440595 2.1009296 0.1420397 0.1648905 0.5682381 0.1358128 0.1902423 0.1484528 0.0491800 0.0491800 0.1718421 0.1773177 0.3336784 0.1452359 0.1505878 0.1375453 0.1375453 2.1039884 2.1039884 2.1039884 2.1009296 2.1411682 2.1039884 0.1702670 0.1648905 0.1573096 0.1584735 0.1566666 0.1559560 0.1562690 0.1647122 0.1566666 0.1566666 0.1603990 0.1620863 0.1515387 0.1559560 0.1610324 0.1566666 0.1559560 0.1650003 0.1650003 0.1559560 0.1648905 0.0492584 0.0015717 0.0018565 0.0031407 0.1559721 0.1603257 0.1556773 0.1591018 0.1556773 0.1576950 2.1623398 0.1506851 0.3738605 0.2943601 0.1465278 1.5142222 0.3432843 0.3286412 0.3262095 0.3243772 0.1481132 0.1503443 0.1481132 0.1438000 0.1440914 0.1397917 0.1397917 0.1397917 2.0734506 2.1087690 1.5549817 0.1160242 0.1226765 0.1197638 0.1395813 0.1807208 0.1888635 0.1566666 0.1537983 0.1601194 0.1566666 0.3000435 0.1592334 0.1160242 0.1226765 0.1197638 0.1395813 0.1807208 0.1888635 0.1537983 0.1601194 0.3000435 0.1592334 0.0781414 0.2211101 0.1541116 0.1449209 0.2189423 0.1093486 0.1879986 0.1566666 0.1069747 0.1566666 
OP749133.1_Amanita_parcivolvata                 0.1480977 0.1639259 0.1567583 0.1477449 0.0015784 0.0000010 0.0015784 0.0000000 0.1500484 0.1480977 0.1565327 0.1547493 0.1477449 0.1763000 0.1715424 0.1610765 0.1758844 0.1652771 0.1523515 2.1630157 0.1751877 0.1166716 0.1642328 0.1674384 0.0015729 0.1567583 0.0494064 0.0280573 0.0000010 0.1514624 0.0031516 0.0031516 0.0000010 0.0000010 0.1647565 0.1601229 0.1456608 1.5347826 0.0000010 0.1539359 0.1642686 0.1428449 0.1654096 0.1757333 0.0031684 0.1728053 0.1115828 0.1505043 0.0000010 0.1489487 0.1483969 0.1120929 0.1553178 0.1580245 0.1759039 0.1650908 0.1585010 0.1477976 0.1480230 0.1613936 0.1789133 0.1789133 0.1598056 2.1668678 0.1688771 0.1479921 2.1430353 0.1430029 0.1654753 0.5798406 0.1478577 0.1860866 0.1546397 0.0494064 0.0494064 0.1713635 0.1768088 0.3412606 0.1454257 0.1567142 0.1436804 0.1436804 2.1459562 2.1459562 2.1459562 2.1430353 2.1843234 2.1459562 0.1769795 0.1654753 0.1637945 0.1649339 0.1631154 0.1623708 0.1627008 0.1713144 0.1631154 0.1631154 0.1668677 0.1686428 0.1578915 0.1623708 0.1675391 0.1631154 0.1623708 0.1716191 0.1716191 0.1623708 0.1654753 0.0494064 0.0000010 0.0000010 0.0015730 0.1567583 0.1608572 0.1567583 0.1587159 0.1567583 0.1587904 2.2057893 0.1572895 0.3694455 0.2977936 0.1523886 1.5048574 0.3424281 0.3317144 0.3269761 0.3251534 0.1544386 0.1567146 0.1544386 0.1500484 0.1503545 0.1459732 0.1459732 0.1459732 2.1184481 2.1512786 1.5571810 0.1160242 0.1226765 0.1306931 0.1395813 0.1773429 0.2084132 0.1631154 0.1610539 0.1559193 0.1631154 0.3343130 0.1657289 0.1160242 0.1226765 0.1306931 0.1395813 0.1773429 0.2084132 0.1610539 0.1559193 0.3343130 0.1657289 0.0781414 0.2356872 0.1605140 0.1459063 0.2569075 0.1068372 0.1886868 0.1631154 0.1045725 0.1631154 
ON416919.1_Amanita_muscaria_var._guessowii      0.0075079 0.0048251 0.0334231 0.0060673 0.1440688 0.1466382 0.1440688 0.1500484 0.0000000 0.0075079 0.0056653 0.0059753 0.0060340 0.0226514 0.0403744 0.0230591 0.0414641 0.0047514 0.0388977 1.8444440 0.0475262 0.0175552 0.0262599 0.0049166 0.1450331 0.0332298 0.1548768 0.1817520 0.1473161 0.0030993 0.1472894 0.1472894 0.1539821 0.1450356 0.0488091 0.0205964 0.0123894 1.5113129 0.1529399 0.0106083 0.0084616 0.0459952 0.0450622 0.0475703 0.1430186 0.0067469 0.0051563 0.0232091 0.1528550 0.0215657 0.0215053 0.0104422 0.0167181 0.0060868 0.0250578 0.0450602 0.0209745 0.0054248 0.0075050 0.0390219 0.0444939 0.0444939 0.0140353 1.8421702 0.0366703 0.0034743 1.8224424 0.0055518 0.0235441 0.5598018 0.0051076 0.0508637 0.0129701 0.1548768 0.1548768 0.0366703 0.0375881 0.0645227 0.0202018 0.0193881 0.0136635 0.0136635 1.8263174 1.8263174 1.8263174 1.8224424 1.8566870 1.8263174 0.0322327 0.0235441 0.0270817 0.0048474 0.0199934 0.0064982 0.0065078 0.0286715 0.0199934 0.0199934 0.0032257 0.0251837 0.0131786 0.0064982 0.0097854 0.0217395 0.0032257 0.0235088 0.0235088 0.0032257 0.0253333 0.1534547 0.1432799 0.1458228 0.1430182 0.0345754 0.0340150 0.0345754 0.0337614 0.0331339 0.0380858 1.8800301 0.0033953 0.3741091 0.3060348 0.0129896 1.4834554 0.3774406 0.3344979 0.3193177 0.3282984 0.0059656 0.0089785 0.0074712 0.0059656 0.0059759 0.0152076 0.0152076 0.0152076 1.8008555 1.8454231 1.4864327 0.1325736 0.1392187 0.1232519 0.0029590 0.0034223 0.0075175 0.0217395 0.0250740 0.0085048 0.0199934 0.0106788 0.0217054 0.1325736 0.1392187 0.1232519 0.0029590 0.0034223 0.0075175 0.0250740 0.0085048 0.0106788 0.0217054 0.0937667 0.0000010 0.0217046 0.0170043 0.0342958 0.0146990 0.0548545 0.0217395 0.0069016 0.0199934 
MH615053.1_Amanita_muscaria_var._guessowii      0.0000010 0.0048351 0.0352464 0.0000026 0.1418766 0.1444336 0.1418766 0.1480977 0.0075079 0.0000000 0.0000010 0.0044062 0.0000026 0.0261558 0.0406370 0.0248758 0.0434277 0.0047775 0.0391049 1.8245474 0.0502550 0.0176459 0.0280916 0.0049370 0.1371947 0.0345967 0.1482929 0.1761569 0.1414918 0.0031049 0.1419790 0.1393730 0.1510656 0.1371956 0.0507747 0.0222941 0.0139814 1.5234524 0.1484134 0.0120984 0.0016721 0.0456969 0.0469816 0.0496847 0.1408442 0.0067862 0.0078011 0.0245736 0.1492605 0.0182663 0.0181046 0.0131670 0.0196878 0.0045418 0.0270470 0.0468160 0.0224454 0.0000010 0.0000026 0.0385800 0.0465973 0.0465973 0.0158710 1.8222676 0.0382836 0.0034577 1.8296239 0.0000010 0.0250603 0.5318522 0.0103263 0.0532099 0.0144995 0.1482929 0.1482929 0.0386404 0.0396109 0.0703404 0.0218971 0.0208715 0.0135196 0.0135196 1.8334862 1.8334862 1.8334862 1.8296239 1.8640618 1.8334862 0.0337040 0.0250603 0.0251379 0.0048115 0.0215190 0.0000027 0.0000027 0.0301580 0.0215190 0.0215190 0.0032018 0.0266866 0.0147311 0.0000027 0.0031893 0.0232592 0.0032018 0.0250229 0.0250229 0.0032018 0.0268439 0.1492621 0.1413631 0.1435277 0.1400061 0.0347336 0.0355311 0.0342969 0.0355497 0.0344975 0.0374455 1.8590142 0.0033739 0.3801145 0.2944391 0.0147127 1.4374923 0.3788433 0.3248714 0.3173017 0.3295302 0.0044233 0.0073960 0.0059089 0.0044233 0.0044308 0.0150471 0.0150471 0.0150471 1.7643935 1.8201186 1.5076695 0.1242337 0.1308836 0.0988386 0.0059768 0.0101418 0.0000029 0.0232592 0.0276135 0.0082224 0.0215190 0.0053421 0.0232230 0.1242337 0.1308836 0.0988386 0.0059768 0.0101418 0.0000029 0.0276135 0.0082224 0.0053421 0.0232230 0.0858944 0.0000010 0.0232221 0.0168129 0.0417568 0.0144852 0.0562291 0.0232592 0.0091027 0.0215190 
MH615052.1_Amanita_muscaria_var._guessowii      0.0000010 0.0037687 0.0319362 0.0000010 0.1532164 0.1535819 0.1532164 0.1565327 0.0056653 0.0000010 0.0000000 0.0056769 0.0000010 0.0286229 0.0446192 0.0236405 0.0382892 0.0056653 0.0391049 1.8766529 0.0384888 0.0178258 0.0259116 0.0037687 0.1535763 0.0319362 0.1618703 0.1874023 0.1565327 0.0037840 0.1535473 0.1535473 0.1513196 0.1535819 0.0448138 0.0236491 0.0134890 1.5293574 0.1535819 0.0133853 0.0018703 0.0458868 0.0427845 0.0402013 0.1502873 0.0058405 0.0078011 0.0236405 0.1492605 0.0195149 0.0194803 0.0131670 0.0153308 0.0056653 0.0243285 0.0427028 0.0174936 0.0000010 0.0000030 0.0463018 0.0427028 0.0427028 0.0134890 1.8585960 0.0319362 0.0037687 1.9838165 0.0000010 0.0236405 0.5809303 0.0087607 0.0533769 0.0134890 0.1618703 0.1618703 0.0382892 0.0391715 0.0783905 0.0195224 0.0174936 0.0134890 0.0134890 1.9876803 1.9876803 1.9876803 1.9838165 2.0262547 1.9876803 0.0215275 0.0236405 0.0237199 0.0056653 0.0174936 0.0000010 0.0000010 0.0174936 0.0174936 0.0174936 0.0037687 0.0215213 0.0134890 0.0000010 0.0037514 0.0195216 0.0037687 0.0235801 0.0235801 0.0037687 0.0257388 0.1618703 0.1535819 0.1427821 0.1506401 0.0319362 0.0319362 0.0319362 0.0319362 0.0319362 0.0382892 1.8917956 0.0037687 0.3829866 0.2968262 0.0138128 1.4116751 0.3982050 0.3905480 0.3732501 0.3642985 0.0056653 0.0094830 0.0056653 0.0056653 0.0056777 0.0154499 0.0154499 0.0154499 1.8657954 2.0110905 1.5078605 0.1242337 0.1308836 0.2056142 0.0059768 0.0114779 0.0000010 0.0195216 0.0210913 0.0095784 0.0174936 0.0078360 0.0194859 0.1242337 0.1308836 0.2056142 0.0059768 0.0114779 0.0000010 0.0210913 0.0095784 0.0078360 0.0194859 0.0858944 0.0000010 0.0194850 0.0179687 0.0226049 0.0157986 0.0490462 0.0195216 0.0098766 0.0174936 
OK346418.1_Amanita_muscaria_var._alba           0.0044062 0.0032053 0.0383570 0.0045501 0.1484077 0.1509979 0.1484077 0.1547493 0.0059753 0.0044062 0.0056769 0.0000000 0.0045190 0.0258337 0.0473546 0.0247483 0.0468555 0.0031482 0.0416398 1.8151950 0.0499021 0.0175630 0.0279485 0.0032473 0.1434940 0.0369353 0.1464030 0.1832647 0.1479132 0.0015437 0.1484248 0.1466122 0.1599382 0.1454560 0.0522508 0.0222164 0.0139335 1.5246580 0.1513807 0.0120407 0.0067687 0.0509424 0.0484535 0.0533074 0.1473238 0.0050273 0.0051328 0.0244566 0.1602086 0.0182050 0.0195575 0.0104719 0.0180780 0.0044941 0.0268973 0.0482830 0.0219035 0.0052420 0.0044945 0.0392874 0.0484020 0.0484020 0.0158442 1.8355990 0.0415073 0.0017221 1.8588924 0.0053605 0.0244661 0.5442238 0.0077001 0.0551815 0.0141680 0.1491452 0.1511143 0.0423732 0.0434386 0.0703568 0.0217909 0.0203957 0.0132483 0.0132483 1.8626269 1.8626269 1.8626269 1.8588924 1.8934456 1.8626269 0.0328976 0.0244661 0.0262706 0.0031328 0.0210134 0.0047171 0.0047239 0.0294407 0.0210444 0.0210134 0.0015521 0.0260548 0.0144099 0.0047239 0.0079029 0.0227444 0.0015636 0.0244305 0.0244305 0.0015636 0.0262048 0.1509236 0.1478692 0.1513332 0.1464440 0.0378000 0.0386663 0.0373257 0.0387465 0.0373801 0.0402967 1.8625607 0.0016805 0.3913372 0.3068980 0.0146598 1.4521932 0.3885998 0.3245264 0.3258005 0.3383572 0.0028696 0.0057502 0.0043122 0.0028854 0.0028902 0.0147447 0.0147447 0.0147447 1.7783645 1.8051663 1.4810810 0.1335835 0.1402646 0.0770094 0.0029274 0.0031795 0.0000010 0.0227444 0.0274176 0.0078544 0.0210444 0.0053070 0.0227097 0.1335835 0.1402646 0.0770094 0.0029274 0.0031795 0.0000010 0.0274176 0.0078544 0.0053070 0.0227097 0.0944883 0.0000010 0.0226754 0.0164330 0.0414036 0.0140652 0.0566561 0.0227444 0.0066216 0.0210134 
OK346349.1_Amanita_muscaria_var._guessowii      0.0000026 0.0048422 0.0351255 0.0000010 0.1418073 0.1443630 0.1418073 0.1477449 0.0060340 0.0000026 0.0000010 0.0045190 0.0000000 0.0261558 0.0406370 0.0247876 0.0433393 0.0047680 0.0391049 1.8493879 0.0500107 0.0176055 0.0279927 0.0049270 0.1420704 0.0349217 0.1502870 0.1812504 0.1443630 0.0031099 0.1443362 0.1443362 0.1510656 0.1420723 0.0506731 0.0222834 0.0140013 1.5143547 0.1505211 0.0122817 0.0016721 0.0465144 0.0472440 0.0495776 0.1420707 0.0067719 0.0078011 0.0234377 0.1492605 0.0186351 0.0185825 0.0131670 0.0137353 0.0046105 0.0269437 0.0471717 0.0226609 0.0000010 0.0000026 0.0394858 0.0465973 0.0465973 0.0158710 1.8471236 0.0384639 0.0034876 1.8465521 0.0000010 0.0253107 0.5496035 0.0103263 0.0532099 0.0146607 0.1502870 0.1502870 0.0386442 0.0396149 0.0703568 0.0218236 0.0211030 0.0138146 0.0138146 1.8503693 1.8503693 1.8503693 1.8465521 1.8813234 1.8503693 0.0340439 0.0253107 0.0271839 0.0048646 0.0217319 0.0000010 0.0000010 0.0304603 0.0217651 0.0217319 0.0032324 0.0269528 0.0148975 0.0000010 0.0032243 0.0235262 0.0032371 0.0252726 0.0252726 0.0032371 0.0271133 0.1502870 0.1423320 0.1431264 0.1420704 0.0349217 0.0357495 0.0349217 0.0354820 0.0349217 0.0384710 1.8851280 0.0034080 0.3842329 0.3000317 0.0146828 1.4277017 0.3824220 0.3400718 0.3246803 0.3334927 0.0045178 0.0075450 0.0060354 0.0045178 0.0045257 0.0153762 0.0153762 0.0153762 1.8114687 1.8593709 1.5221973 0.1242337 0.1308836 0.1232519 0.0059606 0.0104264 0.0000010 0.0235262 0.0274780 0.0085048 0.0217651 0.0053070 0.0234892 0.1242337 0.1308836 0.1232519 0.0059606 0.0104264 0.0000010 0.0274780 0.0085048 0.0053070 0.0234892 0.0858944 0.0000010 0.0234524 0.0170703 0.0414036 0.0147732 0.0569131 0.0235262 0.0092731 0.0217319 
OP503832.1_Amanita_velatipes                    0.0261558 0.0259818 0.0194788 0.0263128 0.1800859 0.1748732 0.1800859 0.1763000 0.0226514 0.0261558 0.0286229 0.0258337 0.0261558 0.0000000 0.0363261 0.0096044 0.0413698 0.0290803 0.0261576 1.7582920 0.0208612 0.0103797 0.0096906 0.0258337 0.1748732 0.0193644 0.1771543 0.1757846 0.1748732 0.0227424 0.1800530 0.1800530 0.1896442 0.1748732 0.0259731 0.0261627 0.0159988 1.7458361 0.1748732 0.0369660 0.0271214 0.0547545 0.0227320 0.0431835 0.1808266 0.0336791 0.0343940 0.0096044 0.1950780 0.0228481 0.0227129 0.0388954 0.0398076 0.0303909 0.0110053 0.0226629 0.0193973 0.0261558 0.0261558 0.0339503 0.0237856 0.0237856 0.0167296 1.7735990 0.0193644 0.0226514 1.8332473 0.0261558 0.0096044 0.5948838 0.0396538 0.0333283 0.0159988 0.1771543 0.1771543 0.0395661 0.0415567 0.0000010 0.0193973 0.0193973 0.0159988 0.0159988 1.8423910 1.8423910 1.8423910 1.8332473 1.9161241 1.8423910 0.0193973 0.0096044 0.0193973 0.0259818 0.0193973 0.0261558 0.0261558 0.0193973 0.0193973 0.0193973 0.0258337 0.0193973 0.0159988 0.0261558 0.0260761 0.0193973 0.0226514 0.0193973 0.0193973 0.0226514 0.0129111 0.1771543 0.1755837 0.1561142 0.1748732 0.0193644 0.0193644 0.0193644 0.0196817 0.0193644 0.0363956 1.7902724 0.0226514 0.4437365 0.0000010 0.0182482 1.5423049 0.4683317 0.4000963 0.3917384 0.4061719 0.0290803 0.0290560 0.0291686 0.0259818 0.0226514 0.0159988 0.0192683 0.0159988 1.7842655 1.8187570 1.4558293 0.2603568 0.2603568 0.1232519 0.0415968 0.0320917 0.0000010 0.0193973 0.0198986 0.0217485 0.0193973 0.0000010 0.0227237 0.2603568 0.2603568 0.1232519 0.0415968 0.0320917 0.0000010 0.0198986 0.0217485 0.0000010 0.0227237 0.2376543 0.0000010 0.0227221 0.0193973 0.0000010 0.0193973 0.0363900 0.0193973 0.0259599 0.0193973 
OP503821.1_Amanita_velatipes                    0.0406370 0.0439023 0.0363821 0.0408904 0.1753434 0.1701567 0.1753434 0.1715424 0.0403744 0.0406370 0.0446192 0.0473546 0.0406370 0.0363261 0.0000000 0.0368363 0.0406187 0.0507601 0.0425779 1.8145075 0.0587391 0.0399553 0.0371828 0.0473546 0.1701567 0.0361635 0.1773953 0.1710436 0.1701567 0.0405419 0.1753067 0.1753067 0.1839436 0.1701567 0.0193123 0.0406441 0.0332591 1.7983187 0.1701567 0.0559724 0.0421924 0.0492587 0.0160974 0.0422933 0.1760640 0.0592294 0.0607803 0.0368363 0.1893641 0.0407400 0.0404884 0.0611241 0.0586722 0.0531575 0.0424885 0.0160486 0.0369761 0.0406370 0.0406370 0.0455815 0.0168368 0.0168368 0.0349528 1.7972220 0.0361635 0.0403744 1.8561870 0.0406370 0.0368363 0.6111570 0.0397026 0.0498433 0.0332591 0.1773953 0.1773953 0.0388168 0.0407314 0.0000010 0.0369761 0.0369761 0.0332591 0.0332591 1.8653336 1.8653336 1.8653336 1.8561870 1.9416167 1.8653336 0.0369761 0.0368363 0.0369761 0.0439023 0.0369761 0.0406370 0.0406370 0.0369761 0.0369761 0.0369761 0.0473546 0.0369761 0.0332591 0.0406370 0.0406370 0.0369761 0.0403744 0.0369761 0.0369761 0.0403744 0.0405248 0.1773953 0.1708467 0.1622498 0.1701567 0.0361635 0.0361635 0.0361635 0.0367667 0.0361635 0.0357602 1.8146230 0.0403744 0.4207380 0.0000010 0.0381440 1.6168941 0.4437599 0.3795801 0.3712510 0.3842054 0.0509263 0.0508818 0.0509263 0.0439023 0.0403744 0.0332591 0.0367209 0.0332591 1.8083262 1.8942572 1.5288673 0.2603568 0.2603568 0.1232519 0.0732937 0.0564815 0.0000010 0.0369761 0.0489851 0.0458205 0.0369761 0.0000010 0.0405083 0.2603568 0.2603568 0.1232519 0.0732937 0.0564815 0.0000010 0.0489851 0.0458205 0.0000010 0.0405083 0.2376543 0.0000010 0.0405053 0.0369761 0.0000010 0.0369761 0.0295146 0.0369761 0.0438641 0.0369761 
OP480716.1_Amanita_persicina                    0.0248758 0.0251415 0.0352028 0.0249001 0.1608485 0.1579337 0.1608485 0.1610765 0.0230591 0.0248758 0.0236405 0.0247483 0.0247876 0.0096044 0.0368363 0.0000000 0.0450459 0.0247412 0.0333345 1.8458400 0.0065406 0.0000010 0.0032022 0.0255999 0.1554320 0.0350953 0.1750647 0.2000960 0.1579337 0.0231310 0.1579042 0.1579042 0.1545706 0.1554373 0.0461013 0.0248173 0.0162371 1.5070555 0.1554373 0.0301680 0.0282154 0.0514798 0.0425349 0.0463472 0.1611720 0.0284310 0.0187043 0.0000010 0.1541880 0.0248587 0.0247838 0.0242975 0.0316382 0.0252980 0.0000028 0.0424671 0.0197354 0.0206254 0.0248651 0.0345083 0.0385097 0.0385097 0.0176582 1.8300604 0.0368423 0.0217218 1.8767230 0.0211253 0.0000010 0.5761141 0.0379696 0.0441438 0.0163100 0.1750647 0.1750647 0.0404596 0.0414751 0.0633874 0.0196653 0.0197345 0.0162371 0.0162371 1.8806928 1.8806928 1.8806928 1.8767230 1.9143286 1.8806928 0.0324363 0.0000010 0.0254922 0.0252623 0.0201182 0.0253107 0.0253497 0.0288519 0.0201489 0.0201182 0.0252310 0.0253417 0.0165737 0.0253497 0.0288445 0.0219092 0.0235339 0.0271263 0.0271263 0.0235339 0.0016166 0.1750647 0.1557439 0.1528060 0.1554320 0.0350953 0.0350953 0.0350953 0.0353904 0.0350953 0.0424206 1.8591361 0.0248297 0.3635956 0.3222193 0.0173203 1.5278624 0.3917155 0.3640688 0.3439925 0.3538506 0.0247412 0.0281007 0.0264457 0.0247412 0.0247880 0.0178935 0.0178935 0.0178935 1.8363045 1.9008981 1.5043507 0.1242337 0.1308836 0.1232519 0.0312205 0.0214544 0.0354970 0.0219092 0.0251607 0.0085856 0.0201489 0.0508862 0.0218745 0.1242337 0.1308836 0.1232519 0.0312205 0.0214544 0.0354970 0.0251607 0.0085856 0.0508862 0.0218745 0.0858944 0.0000010 0.0218403 0.0190519 0.0346203 0.0097912 0.0531278 0.0219092 0.0190010 0.0201182 
OP470111.1_Amanita_breckonii                    0.0434277 0.0439900 0.0480696 0.0432651 0.1763433 0.1732804 0.1763433 0.1758844 0.0414641 0.0434277 0.0382892 0.0468555 0.0433393 0.0413698 0.0406187 0.0450459 0.0000000 0.0467637 0.0359252 1.9038433 0.0513792 0.0281169 0.0492001 0.0426339 0.1706762 0.0480696 0.1834612 0.2154134 0.1732804 0.0415994 0.1732502 0.1732502 0.1587080 0.1706864 0.0372885 0.0473285 0.0378142 1.5615241 0.1706864 0.0489133 0.0395074 0.0140540 0.0355744 0.0000027 0.1737320 0.0495342 0.0327217 0.0450459 0.1479432 0.0509775 0.0508955 0.0330107 0.0507572 0.0451241 0.0462161 0.0355180 0.0490696 0.0372725 0.0434811 0.0497479 0.0286619 0.0286619 0.0327086 1.8931514 0.0498908 0.0378152 1.9169716 0.0382159 0.0460436 0.6180911 0.0349060 0.0546648 0.0379948 0.1834612 0.1834612 0.0000010 0.0000010 0.0000010 0.0469610 0.0490686 0.0378142 0.0378142 1.9207722 1.9207722 1.9207722 1.9169716 1.9549526 1.9207722 0.0618421 0.0460436 0.0602595 0.0442115 0.0500857 0.0442997 0.0443717 0.0578477 0.0501680 0.0500857 0.0458692 0.0558994 0.0386450 0.0443717 0.0481196 0.0521627 0.0423606 0.0579160 0.0579160 0.0423606 0.0480257 0.1834612 0.1706864 0.1629830 0.1706762 0.0480696 0.0480696 0.0480696 0.0478897 0.0480696 0.0015606 1.9137929 0.0387870 0.3667311 0.3336247 0.0378067 1.5117708 0.3865761 0.3822220 0.3636070 0.3582697 0.0468420 0.0504222 0.0486817 0.0432548 0.0433398 0.0396082 0.0396082 0.0396082 1.8998784 1.9341497 1.5162966 0.1242337 0.1308836 0.2416138 0.0344091 0.0461572 0.0616150 0.0521627 0.0525412 0.0481366 0.0501680 0.0960660 0.0520751 0.1242337 0.1308836 0.2416138 0.0344091 0.0461572 0.0616150 0.0525412 0.0481366 0.0960660 0.0520751 0.0858944 0.0208589 0.0519874 0.0445207 0.0902761 0.0313221 0.0422604 0.0521627 0.0297821 0.0500018 
OP470095.1_Amanita_muscaria_subsp._flavivolvata 0.0047775 0.0032109 0.0404168 0.0047818 0.1592878 0.1621116 0.1592878 0.1652771 0.0047514 0.0047775 0.0056653 0.0031482 0.0047680 0.0290803 0.0507601 0.0247412 0.0467637 0.0000000 0.0414221 1.8496474 0.0389797 0.0175552 0.0284640 0.0032512 0.1596024 0.0402927 0.1631697 0.2039919 0.1621116 0.0015828 0.1620821 0.1620821 0.1595364 0.1596088 0.0552997 0.0230563 0.0145471 1.5341373 0.1596088 0.0112930 0.0067563 0.0533676 0.0516589 0.0481847 0.1596054 0.0016808 0.0000024 0.0247412 0.1597118 0.0196353 0.0195770 0.0104422 0.0128263 0.0000010 0.0268889 0.0515754 0.0212801 0.0054248 0.0047755 0.0434301 0.0483047 0.0483047 0.0157880 1.8582653 0.0420582 0.0017337 1.9160216 0.0055518 0.0252623 0.5544081 0.0076787 0.0549547 0.0146120 0.1631697 0.1631697 0.0422849 0.0433458 0.0707388 0.0229654 0.0212473 0.0145471 0.0145471 1.9198184 1.9198184 1.9198184 1.9160216 1.9539136 1.9198184 0.0339784 0.0252623 0.0253412 0.0032257 0.0216907 0.0048646 0.0048718 0.0304020 0.0216907 0.0216907 0.0016000 0.0269014 0.0148472 0.0048646 0.0081271 0.0234456 0.0016099 0.0252244 0.0252244 0.0016099 0.0270613 0.1631697 0.1599235 0.1580952 0.1596024 0.0402927 0.0402927 0.0402927 0.0406330 0.0402927 0.0441037 1.8780183 0.0016943 0.3864201 0.3209727 0.0155129 1.5059061 0.4049595 0.3725138 0.3557339 0.3661868 0.0000010 0.0062989 0.0015696 0.0031619 0.0031677 0.0161929 0.0161929 0.0161929 1.8646551 1.9090943 1.4892989 0.1242337 0.1308836 0.1232519 0.0029258 0.0000010 0.0000010 0.0234456 0.0274068 0.0128192 0.0216907 0.0053070 0.0234087 0.1242337 0.1308836 0.1232519 0.0029258 0.0000010 0.0000010 0.0274068 0.0128192 0.0053070 0.0234087 0.0858944 0.0000010 0.0234079 0.0170043 0.0414036 0.0146990 0.0585097 0.0234456 0.0069016 0.0216907 
MH211685.1_Amanita_frostiana                    0.0391049 0.0362016 0.0253079 0.0391049 0.1560577 0.1523515 0.1560577 0.1523515 0.0388977 0.0391049 0.0391049 0.0416398 0.0391049 0.0261576 0.0425779 0.0333345 0.0359252 0.0414221 0.0000000 1.8716220 0.0370988 0.0240848 0.0337369 0.0388174 0.1523515 0.0253079 0.1512099 0.1529274 0.1523515 0.0363169 0.1560221 0.1560221 0.1518423 0.1523515 0.0387035 0.0362087 0.0279684 1.5149455 0.1523515 0.0473219 0.0391049 0.0422603 0.0334438 0.0349230 0.1523515 0.0429766 0.0311536 0.0333345 0.1552302 0.0335782 0.0334991 0.0343348 0.0500940 0.0414221 0.0342586 0.0360451 0.0308348 0.0391049 0.0391049 0.0073573 0.0360451 0.0360451 0.0279021 1.8624808 0.0253079 0.0362016 1.9988282 0.0391049 0.0333345 0.5193219 0.0350933 0.0024266 0.0279684 0.1512099 0.1512099 0.0359252 0.0368026 0.1481226 0.0335139 0.0308348 0.0279684 0.0279684 2.0037991 2.0037991 2.0037991 1.9988282 2.0548286 2.0037991 0.0335118 0.0333345 0.0309891 0.0388977 0.0308348 0.0391049 0.0391049 0.0308348 0.0308348 0.0308348 0.0415409 0.0308348 0.0279684 0.0391049 0.0444778 0.0308348 0.0362016 0.0308348 0.0308348 0.0362016 0.0361298 0.1512099 0.1523515 0.1320573 0.1523515 0.0253079 0.0253079 0.0253079 0.0253079 0.0253079 0.0359252 1.8769653 0.0362016 0.3270038 0.1396122 0.0286454 1.5598487 0.3096812 0.3243916 0.3225134 0.3051550 0.0414221 0.0468630 0.0415228 0.0388977 0.0362016 0.0305968 0.0305968 0.0305968 1.8716609 2.0170003 1.5844990 0.1242337 0.1308836 0.2885020 0.0369864 0.0477661 0.0523530 0.0308348 0.0251134 0.0445544 0.0308348 0.1947332 0.0281764 0.1242337 0.1308836 0.2885020 0.0369864 0.0477661 0.0523530 0.0251134 0.0445544 0.1947332 0.0281764 0.0858944 0.0332842 0.0335099 0.0308348 0.0000010 0.0223194 0.0472548 0.0308348 0.0325035 0.0308348 
HQ539696.1_Amanita_frostiana                    1.8245474 1.8363171 1.8634176 1.8412535 2.1209873 2.1415031 2.1209873 2.1630157 1.8444440 1.8245474 1.8766529 1.8151950 1.8493879 1.7582920 1.8145075 1.8458400 1.9038433 1.8496474 1.8716220 0.0000000 2.0441067 1.8341980 1.8579954 1.8597974 2.1134068 1.8265705 1.4023803 2.2639227 2.1211647 1.8627227 2.1142381 2.1162992 2.2694834 2.1038998 1.7778719 1.8251812 1.7960300 2.1780650 2.1349352 1.8560993 1.8966654 1.9552772 1.7889180 1.9257217 2.1265077 1.8369264 1.8827223 1.7989929 2.3270571 1.8467255 1.8343064 1.9786507 1.8650416 1.8276288 1.8251782 1.7886124 1.8626472 1.8793807 1.8480046 1.8625858 1.8887719 1.8887719 1.8717546 0.0127944 1.8988142 1.9076190 0.0153420 1.8954084 1.7861538 2.2035279 2.1233827 1.9427400 1.7754038 2.1181230 2.0859417 1.8788419 1.8983659 1.9692454 1.8688573 1.8517162 1.7674545 1.7674545 0.0187253 0.0187253 0.0187253 0.0153420 0.0222846 0.0187253 1.8419037 1.7861538 1.8130530 1.8244940 1.8303288 1.8188488 1.8265690 1.8419037 1.8223394 1.8303288 1.8133365 1.8159688 1.7703403 1.8109053 1.7907379 1.8172882 1.8124780 1.8303288 1.8303288 1.8124780 1.7910134 2.1729878 2.1326634 2.1533193 2.1250033 1.8635724 1.8420346 1.8371790 1.8446397 1.8417043 1.8468323 0.0115242 1.8976299 2.1003210 1.8448916 1.7780697 3.8249147 1.9756591 2.0146373 2.0426452 2.0237449 1.7858790 1.8247496 1.7931779 1.8184918 1.8118972 1.7674545 1.7785466 1.7674545 0.0109172 0.0000028 3.9303649 2.3864153 2.4012002 1.7507986 2.1771273 1.6428749 1.9305791 1.8172882 2.0422686 1.5696061 1.8223394 1.7501528 1.8101688 2.3864153 2.4012002 1.7507986 2.1771273 1.6428749 1.9305791 2.0422686 1.5696061 1.7501528 1.8101688 2.3160119 1.3343111 1.8178377 1.9019741 1.5795675 1.8150874 1.8317798 1.8093890 1.8388360 1.8303288 
ON412925.1_Amanita_persicina                    0.0502550 0.0374208 0.0648196 0.0501151 0.1757746 0.1718505 0.1757746 0.1751877 0.0475262 0.0502550 0.0384888 0.0499021 0.0500107 0.0208612 0.0587391 0.0065406 0.0513792 0.0389797 0.0370988 2.0441067 0.0000000 0.0037589 0.0175436 0.0408875 0.1685173 0.0648196 0.1871318 0.2266413 0.1718505 0.0475972 0.1718117 0.1718117 0.1495050 0.1685294 0.0756972 0.0503578 0.0403662 1.3639104 0.1542536 0.0475262 0.0441383 0.0649834 0.0704736 0.0503492 0.1724252 0.0411833 0.0273056 0.0172640 0.1323498 0.0477596 0.0477596 0.0234707 0.0499126 0.0498835 0.0066667 0.0704736 0.0314065 0.0358038 0.0502255 0.0557579 0.0536064 0.0536064 0.0320166 1.9864261 0.0558367 0.0366284 1.9882141 0.0370896 0.0067239 0.5397031 0.0439825 0.0510754 0.0296600 0.1871318 0.1871318 0.0467082 0.0467082 0.0768618 0.0428404 0.0316231 0.0403662 0.0403662 1.9864261 1.9864261 1.9864261 1.9882141 2.0267224 1.9864261 0.0506849 0.0067239 0.0407788 0.0376718 0.0329495 0.0402378 0.0403251 0.0454838 0.0330205 0.0329495 0.0400600 0.0404395 0.0303347 0.0403251 0.0453190 0.0355626 0.0376718 0.0430288 0.0430288 0.0376718 0.0067239 0.1871318 0.1685294 0.1718505 0.1685173 0.0648196 0.0648196 0.0648196 0.0648196 0.0648196 0.0623306 2.0416450 0.0406468 0.3531634 0.3508641 0.0403662 1.6781572 0.3863573 0.3901122 0.3660805 0.3707647 0.0498835 0.0545727 0.0522973 0.0474985 0.0500115 0.0427137 0.0403662 0.0427137 1.9882141 2.0441067 1.7122196 0.1242337 0.1308836 0.0000010 0.0312664 0.0526383 0.0441577 0.0355626 0.0329495 0.0147054 0.0330205 0.0637874 0.0330205 0.1242337 0.1308836 0.0000010 0.0312664 0.0526383 0.0441577 0.0329495 0.0147054 0.0637874 0.0330205 0.0858944 0.0000010 0.0329495 0.0339681 0.0500255 0.0165729 0.0673383 0.0355626 0.0273242 0.0329495 
ON383440.1_Amanita_persicina                    0.0176459 0.0150053 0.0202373 0.0176459 0.1202597 0.1166716 0.1202597 0.1166716 0.0175552 0.0176459 0.0178258 0.0175630 0.0176055 0.0103797 0.0399553 0.0000010 0.0281169 0.0175552 0.0240848 1.8341980 0.0037589 0.0000000 0.0000026 0.0149712 0.1166716 0.0202373 0.1233460 0.1171150 0.1166716 0.0150518 0.1202173 0.1202173 0.1132614 0.1166716 0.0281092 0.0150073 0.0073793 1.5761695 0.1166716 0.0253564 0.0176459 0.0371735 0.0255599 0.0299698 0.1166716 0.0184296 0.0187043 0.0000010 0.1166778 0.0150711 0.0150368 0.0242975 0.0279706 0.0175552 0.0000023 0.0254986 0.0124672 0.0176459 0.0176459 0.0319977 0.0254986 0.0254986 0.0073793 1.8117852 0.0202373 0.0150053 1.9206925 0.0176459 0.0000010 0.4655628 0.0282958 0.0264963 0.0073793 0.1233460 0.1233460 0.0282518 0.0292524 0.0000010 0.0124672 0.0124956 0.0073793 0.0073793 1.9263243 1.9263243 1.9263243 1.9206925 1.9775304 1.9263243 0.0150081 0.0000010 0.0176482 0.0175552 0.0124672 0.0176055 0.0176055 0.0124672 0.0124956 0.0124672 0.0149712 0.0124672 0.0073793 0.0176459 0.0228229 0.0150778 0.0150053 0.0124672 0.0124672 0.0150053 0.0024357 0.1233460 0.1166716 0.0940399 0.1166716 0.0202373 0.0202373 0.0202373 0.0202373 0.0202373 0.0281169 1.8393931 0.0150053 0.2882808 0.0733110 0.0076658 1.6044886 0.2952893 0.2908284 0.2878048 0.2719757 0.0175552 0.0200667 0.0175552 0.0175552 0.0150053 0.0098664 0.0098664 0.0098664 1.8205999 1.9571952 1.6680481 0.1242337 0.1308836 0.1560689 0.0232648 0.0234063 0.0122308 0.0150778 0.0150911 0.0095411 0.0124956 0.1858337 0.0150423 0.1242337 0.1308836 0.1560689 0.0232648 0.0234063 0.0122308 0.0150911 0.0095411 0.1858337 0.0150423 0.0858944 0.0000010 0.0150073 0.0124956 0.0000010 0.0103842 0.0363042 0.0150778 0.0175438 0.0124672 
